yyyy-mm-dd,Daily Adjusted Rainfall [mm]
1934-03-01,0.00Y
1934-03-02,0.00Y
1934-03-03,0.00Y
1934-03-04,0.00Y
1934-03-05,0.00Y
1934-03-06,0.00Y
1934-03-07,0.00Y
1934-03-08,0.00Y
1934-03-09,0.00Y
1934-03-10,0.00Y
1934-03-11,0.00Y
1934-03-12,0.00Y
1934-03-13,0.00Y
1934-03-14,0.00Y
1934-03-15,0.00Y
1934-03-16,0.00Y
1934-03-17,0.00Y
1934-03-18,0.00Y
1934-03-19,0.00Y
1934-03-20,0.00Y
1934-03-21,0.00Y
1934-03-22,0.00Y
1934-03-23,0.00Y
1934-03-24,0.00Y
1934-03-25,0.00Y
1934-03-26,0.00Y
1934-03-27,18.17Y
1934-03-28,0.00Y
1934-03-29,0.00Y
1934-03-30,0.00Y
1934-03-31,10.50Y
1934-04-01,10.50Y
1934-04-02,0.00Y
1934-04-03,0.00Y
1934-04-04,0.00Y
1934-04-05,0.00Y
1934-04-06,0.00Y
1934-04-07,0.00Y
1934-04-08,0.00Y
1934-04-09,0.00Y
1934-04-10,0.00Y
1934-04-11,0.00Y
1934-04-12,0.00Y
1934-04-13,36.13Y
1934-04-14,0.00Y
1934-04-15,0.00Y
1934-04-16,10.00Y
1934-04-17,9.19Y
1934-04-18,0.00Y
1934-04-19,0.00Y
1934-04-20,17.66Y
1934-04-21,0.00Y
1934-04-22,0.00Y
1934-04-23,3.04Y
1934-04-24,7.88Y
1934-04-25,5.36Y
1934-04-26,5.86Y
1934-04-27,2.23Y
1934-04-28,0.00Y
1934-04-29,0.00Y
1934-04-30,0.00Y
1934-04-31,-9999.99M
1934-05-01,0.00Y
1934-05-02,0.00Y
1934-05-03,0.00Y
1934-05-04,0.00Y
1934-05-05,7.17Y
1934-05-06,10.50Y
1934-05-07,5.36Y
1934-05-08,0.00Y
1934-05-09,13.02Y
1934-05-10,0.00Y
1934-05-11,0.00Y
1934-05-12,0.00Y
1934-05-13,0.00Y
1934-05-14,2.73Y
1934-05-15,2.73Y
1934-05-16,0.00Y
1934-05-17,5.86Y
1934-05-18,2.73Y
1934-05-19,0.00Y
1934-05-20,7.88Y
1934-05-21,0.00Y
1934-05-22,14.54Y
1934-05-23,0.00Y
1934-05-24,0.00Y
1934-05-25,0.00Y
1934-05-26,0.00Y
1934-05-27,0.00Y
1934-05-28,0.00Y
1934-05-29,0.00Y
1934-05-30,5.36Y
1934-05-31,0.00Y
1934-06-01,0.00Y
1934-06-02,0.00Y
1934-06-03,0.00Y
1934-06-04,0.00Y
1934-06-05,0.00Y
1934-06-06,9.19Y
1934-06-07,0.00Y
1934-06-08,0.00Y
1934-06-09,0.00Y
1934-06-10,0.00Y
1934-06-11,4.05Y
1934-06-12,0.00Y
1934-06-13,44.30Y
1934-06-14,11.71Y
1934-06-15,2.23Y
1934-06-16,0.00Y
1934-06-17,0.00Y
1934-06-18,0.00Y
1934-06-19,3.24Y
1934-06-20,24.52Y
1934-06-21,16.86Y
1934-06-22,0.00Y
1934-06-23,0.00Y
1934-06-24,18.67Y
1934-06-25,0.72Y
1934-06-26,0.00Y
1934-06-27,0.00Y
1934-06-28,15.55Y
1934-06-29,0.00Y
1934-06-30,0.00Y
1934-06-31,-9999.99M
1934-07-01,0.00Y
1934-07-02,4.55Y
1934-07-03,23.31Y
1934-07-04,0.00Y
1934-07-05,0.00Y
1934-07-06,7.88Y
1934-07-07,1.02Y
1934-07-08,0.00Y
1934-07-09,0.00Y
1934-07-10,0.00Y
1934-07-11,0.00Y
1934-07-12,0.00Y
1934-07-13,1.22Y
1934-07-14,0.00Y
1934-07-15,3.54Y
1934-07-16,0.00Y
1934-07-17,1.02Y
1934-07-18,0.00Y
1934-07-19,0.00Y
1934-07-20,1.02Y
1934-07-21,0.00Y
1934-07-22,3.04Y
1934-07-23,0.00Y
1934-07-24,0.00Y
1934-07-25,3.24Y
1934-07-26,0.00Y
1934-07-27,0.00Y
1934-07-28,7.37Y
1934-07-29,0.00Y
1934-07-30,0.00Y
1934-07-31,6.67Y
1934-08-01,0.00Y
1934-08-02,0.00Y
1934-08-03,45.10Y
1934-08-04,0.00Y
1934-08-05,0.00Y
1934-08-06,0.00Y
1934-08-07,0.00Y
1934-08-08,0.00Y
1934-08-09,0.00Y
1934-08-10,3.04Y
1934-08-11,0.00Y
1934-08-12,0.00Y
1934-08-13,0.00Y
1934-08-14,1.02Y
1934-08-15,0.00Y
1934-08-16,0.00Y
1934-08-17,0.00Y
1934-08-18,0.00Y
1934-08-19,0.00Y
1934-08-20,1.02Y
1934-08-21,0.00Y
1934-08-22,5.36Y
1934-08-23,0.00Y
1934-08-24,8.38Y
1934-08-25,0.00Y
1934-08-26,0.00Y
1934-08-27,0.00Y
1934-08-28,0.00Y
1934-08-29,0.00Y
1934-08-30,3.84Y
1934-08-31,7.17Y
1934-09-01,0.00Y
1934-09-02,0.00Y
1934-09-03,0.00Y
1934-09-04,7.88Y
1934-09-05,2.03Y
1934-09-06,0.00Y
1934-09-07,0.00Y
1934-09-08,0.00Y
1934-09-09,16.66Y
1934-09-10,0.00Y
1934-09-11,0.00Y
1934-09-12,0.00Y
1934-09-13,0.00Y
1934-09-14,0.00Y
1934-09-15,0.00Y
1934-09-16,0.00Y
1934-09-17,13.02Y
1934-09-18,16.35Y
1934-09-19,0.00Y
1934-09-20,0.00Y
1934-09-21,0.00Y
1934-09-22,5.36Y
1934-09-23,0.00Y
1934-09-24,0.00Y
1934-09-25,0.00Y
1934-09-26,0.00Y
1934-09-27,0.00Y
1934-09-28,0.00Y
1934-09-29,4.05Y
1934-09-30,0.00Y
1934-09-31,-9999.99M
1934-10-01,0.00Y
1934-10-02,0.00Y
1934-10-03,0.00Y
1934-10-04,0.00Y
1934-10-05,0.00Y
1934-10-06,9.19Y
1934-10-07,0.00Y
1934-10-08,0.00Y
1934-10-09,0.00Y
1934-10-10,0.00Y
1934-10-11,7.88Y
1934-10-12,1.73Y
1934-10-13,0.00Y
1934-10-14,0.00Y
1934-10-15,0.00Y
1934-10-16,0.00Y
1934-10-17,0.00Y
1934-10-18,0.00Y
1934-10-19,5.05Y
1934-10-20,2.23Y
1934-10-21,0.00Y
1934-10-22,0.00Y
1934-10-23,20.69Y
1934-10-24,1.02Y
1934-10-25,0.00Y
1934-10-26,9.39Y
1934-10-27,16.05Y
1934-10-28,0.00Y
1934-10-29,0.00Y
1934-10-30,0.00Y
1934-10-31,0.00Y
1934-11-01,7.37Y
1934-11-02,0.00Y
1934-11-03,0.00Y
1934-11-04,3.24Y
1934-11-05,0.00Y
1934-11-06,13.53Y
1934-11-07,0.00Y
1934-11-08,0.00Y
1934-11-09,0.00Y
1934-11-10,0.00Y
1934-11-11,0.00Y
1934-11-12,0.00Y
1934-11-13,0.00Y
1934-11-14,0.00Y
1934-11-15,0.00Y
1934-11-16,0.00Y
1934-11-17,3.24Y
1934-11-18,0.00Y
1934-11-19,0.00Y
1934-11-20,0.00Y
1934-11-21,0.00Y
1934-11-22,0.00Y
1934-11-23,20.69Y
1934-11-24,3.84Y
1934-11-25,0.00Y
1934-11-26,0.00Y
1934-11-27,0.00Y
1934-11-28,2.23Y
1934-11-29,12.52Y
1934-11-30,2.53Y
1934-11-31,-9999.99M
1934-12-01,0.00Y
1934-12-02,0.00Y
1934-12-03,0.00Y
1934-12-04,0.00Y
1934-12-05,0.00Y
1934-12-06,0.00Y
1934-12-07,0.00Y
1934-12-08,0.00Y
1934-12-09,0.00Y
1934-12-10,0.00Y
1934-12-11,0.00Y
1934-12-12,0.00Y
1934-12-13,0.00Y
1934-12-14,0.00Y
1934-12-15,0.00Y
1934-12-16,0.00Y
1934-12-17,0.00Y
1934-12-18,0.00Y
1934-12-19,0.00Y
1934-12-20,0.00Y
1934-12-21,0.00Y
1934-12-22,0.00Y
1934-12-23,0.00Y
1934-12-24,0.00Y
1934-12-25,0.00Y
1934-12-26,0.00Y
1934-12-27,0.00Y
1934-12-28,0.00Y
1934-12-29,0.00Y
1934-12-30,0.00Y
1934-12-31,0.00Y
1935-01-01,0.00Y
1935-01-02,0.00Y
1935-01-03,0.00Y
1935-01-04,0.00Y
1935-01-05,0.00Y
1935-01-06,0.00Y
1935-01-07,0.00Y
1935-01-08,0.00Y
1935-01-09,0.00Y
1935-01-10,0.00Y
1935-01-11,0.00Y
1935-01-12,0.00Y
1935-01-13,0.00Y
1935-01-14,0.00Y
1935-01-15,0.00Y
1935-01-16,0.00Y
1935-01-17,0.00Y
1935-01-18,0.00Y
1935-01-19,0.00Y
1935-01-20,0.00Y
1935-01-21,0.00Y
1935-01-22,0.00Y
1935-01-23,0.00Y
1935-01-24,0.00Y
1935-01-25,0.00Y
1935-01-26,0.00Y
1935-01-27,0.00Y
1935-01-28,0.00Y
1935-01-29,0.00Y
1935-01-30,0.00Y
1935-01-31,0.00Y
1935-02-01,0.00Y
1935-02-02,0.00Y
1935-02-03,0.00Y
1935-02-04,0.00Y
1935-02-05,0.00Y
1935-02-06,0.00Y
1935-02-07,0.00Y
1935-02-08,0.00Y
1935-02-09,0.00Y
1935-02-10,0.00Y
1935-02-11,0.00Y
1935-02-12,0.00Y
1935-02-13,0.00Y
1935-02-14,0.00Y
1935-02-15,0.00Y
1935-02-16,0.00Y
1935-02-17,0.00Y
1935-02-18,0.00Y
1935-02-19,0.00Y
1935-02-20,0.00Y
1935-02-21,0.00Y
1935-02-22,0.00Y
1935-02-23,0.00Y
1935-02-24,0.00Y
1935-02-25,0.00Y
1935-02-26,0.00Y
1935-02-27,0.00Y
1935-02-28,0.00Y
1935-02-29,-9999.99M
1935-02-30,-9999.99M
1935-02-31,-9999.99M
1935-03-01,0.00Y
1935-03-02,0.00Y
1935-03-03,0.00Y
1935-03-04,0.00Y
1935-03-05,0.00Y
1935-03-06,0.00Y
1935-03-07,0.00Y
1935-03-08,0.00Y
1935-03-09,0.00Y
1935-03-10,0.00Y
1935-03-11,0.00Y
1935-03-12,0.00Y
1935-03-13,0.00Y
1935-03-14,0.00Y
1935-03-15,0.00Y
1935-03-16,0.00Y
1935-03-17,0.00Y
1935-03-18,0.00Y
1935-03-19,0.00Y
1935-03-20,0.00Y
1935-03-21,0.00Y
1935-03-22,0.00Y
1935-03-23,0.00Y
1935-03-24,0.00Y
1935-03-25,0.00Y
1935-03-26,0.00Y
1935-03-27,0.00Y
1935-03-28,0.00Y
1935-03-29,0.00Y
1935-03-30,0.00Y
1935-03-31,0.00Y
1935-04-01,0.00Y
1935-04-02,0.00Y
1935-04-03,0.00Y
1935-04-04,0.00Y
1935-04-05,0.00Y
1935-04-06,0.00Y
1935-04-07,0.00Y
1935-04-08,0.00Y
1935-04-09,0.00Y
1935-04-10,0.00Y
1935-04-11,0.00Y
1935-04-12,0.00Y
1935-04-13,8.69Y
1935-04-14,3.54Y
1935-04-15,0.00Y
1935-04-16,8.38Y
1935-04-17,8.38Y
1935-04-18,6.67Y
1935-04-19,3.84Y
1935-04-20,1.02Y
1935-04-21,0.72Y
1935-04-22,0.00Y
1935-04-23,0.00Y
1935-04-24,0.00Y
1935-04-25,0.00Y
1935-04-26,0.00Y
1935-04-27,5.05Y
1935-04-28,9.39Y
1935-04-29,0.00Y
1935-04-30,18.67Y
1935-04-31,-9999.99M
1935-05-01,0.00Y
1935-05-02,0.00Y
1935-05-03,0.00Y
1935-05-04,0.00Y
1935-05-05,0.00Y
1935-05-06,0.00Y
1935-05-07,0.00Y
1935-05-08,0.00Y
1935-05-09,0.00Y
1935-05-10,15.55Y
1935-05-11,7.88Y
1935-05-12,0.00Y
1935-05-13,0.00Y
1935-05-14,0.00Y
1935-05-15,0.00Y
1935-05-16,0.00Y
1935-05-17,0.00Y
1935-05-18,0.00Y
1935-05-19,5.36Y
1935-05-20,0.00Y
1935-05-21,6.67Y
1935-05-22,1.02Y
1935-05-23,0.00Y
1935-05-24,0.00Y
1935-05-25,0.00Y
1935-05-26,0.00Y
1935-05-27,0.00Y
1935-05-28,3.54Y
1935-05-29,0.00Y
1935-05-30,0.00Y
1935-05-31,2.23Y
1935-06-01,0.00Y
1935-06-02,0.00Y
1935-06-03,0.00Y
1935-06-04,0.00Y
1935-06-05,0.00Y
1935-06-06,0.00Y
1935-06-07,0.00Y
1935-06-08,0.00Y
1935-06-09,2.03Y
1935-06-10,8.89Y
1935-06-11,43.29Y
1935-06-12,2.73Y
1935-06-13,1.52Y
1935-06-14,2.03Y
1935-06-15,1.52Y
1935-06-16,2.23Y
1935-06-17,1.52Y
1935-06-18,0.00Y
1935-06-19,0.00Y
1935-06-20,5.56Y
1935-06-21,0.00Y
1935-06-22,22.20Y
1935-06-23,0.00Y
1935-06-24,0.00Y
1935-06-25,0.00Y
1935-06-26,0.00Y
1935-06-27,1.52Y
1935-06-28,0.00Y
1935-06-29,0.00Y
1935-06-30,4.85Y
1935-06-31,-9999.99M
1935-07-01,0.00Y
1935-07-02,0.00Y
1935-07-03,0.00Y
1935-07-04,6.67Y
1935-07-05,0.00Y
1935-07-06,0.00Y
1935-07-07,0.00Y
1935-07-08,39.45Y
1935-07-09,0.00Y
1935-07-10,0.00Y
1935-07-11,0.00Y
1935-07-12,0.00Y
1935-07-13,0.00Y
1935-07-14,0.00Y
1935-07-15,0.00Y
1935-07-16,3.04Y
1935-07-17,0.00Y
1935-07-18,0.00Y
1935-07-19,0.00Y
1935-07-20,0.00Y
1935-07-21,0.00Y
1935-07-22,4.05Y
1935-07-23,0.00Y
1935-07-24,0.00Y
1935-07-25,0.00Y
1935-07-26,0.00Y
1935-07-27,0.00Y
1935-07-28,0.00Y
1935-07-29,0.00Y
1935-07-30,1.52Y
1935-07-31,7.88Y
1935-08-01,3.24Y
1935-08-02,0.72Y
1935-08-03,1.02Y
1935-08-04,0.00Y
1935-08-05,0.00Y
1935-08-06,0.00Y
1935-08-07,0.00Y
1935-08-08,0.00Y
1935-08-09,0.00Y
1935-08-10,0.00Y
1935-08-11,3.04Y
1935-08-12,0.00Y
1935-08-13,0.00Y
1935-08-14,0.00Y
1935-08-15,0.00Y
1935-08-16,0.00Y
1935-08-17,0.00Y
1935-08-18,0.00Y
1935-08-19,0.00Y
1935-08-20,0.00Y
1935-08-21,22.81Y
1935-08-22,0.00Y
1935-08-23,0.00Y
1935-08-24,30.68Y
1935-08-25,17.36Y
1935-08-26,0.00Y
1935-08-27,0.00Y
1935-08-28,6.06Y
1935-08-29,0.00Y
1935-08-30,12.52Y
1935-08-31,0.00Y
1935-09-01,3.04Y
1935-09-02,0.00Y
1935-09-03,0.00Y
1935-09-04,5.36Y
1935-09-05,22.51Y
1935-09-06,0.00Y
1935-09-07,0.00Y
1935-09-08,0.00Y
1935-09-09,0.00Y
1935-09-10,5.56Y
1935-09-11,2.73Y
1935-09-12,0.00Y
1935-09-13,0.00Y
1935-09-14,0.00Y
1935-09-15,14.34Y
1935-09-16,7.17Y
1935-09-17,0.00Y
1935-09-18,0.00Y
1935-09-19,0.00Y
1935-09-20,0.00Y
1935-09-21,0.00Y
1935-09-22,2.53Y
1935-09-23,0.00Y
1935-09-24,0.00Y
1935-09-25,0.00Y
1935-09-26,7.17Y
1935-09-27,0.00Y
1935-09-28,0.00Y
1935-09-29,11.21Y
1935-09-30,1.73Y
1935-09-31,-9999.99M
1935-10-01,0.00Y
1935-10-02,3.84Y
1935-10-03,0.00Y
1935-10-04,0.00Y
1935-10-05,0.00Y
1935-10-06,0.00Y
1935-10-07,0.00Y
1935-10-08,0.00Y
1935-10-09,0.00Y
1935-10-10,0.00Y
1935-10-11,2.03Y
1935-10-12,0.00Y
1935-10-13,8.18Y
1935-10-14,14.03Y
1935-10-15,0.00Y
1935-10-16,0.00Y
1935-10-17,0.00Y
1935-10-18,8.89Y
1935-10-19,0.00Y
1935-10-20,2.53Y
1935-10-21,0.00Y
1935-10-22,8.89Y
1935-10-23,10.00Y
1935-10-24,0.00Y
1935-10-25,0.00Y
1935-10-26,0.00Y
1935-10-27,0.00Y
1935-10-28,1.02Y
1935-10-29,0.00Y
1935-10-30,0.00Y
1935-10-31,0.00Y
1935-11-01,0.00Y
1935-11-02,0.00Y
1935-11-03,0.00Y
1935-11-04,2.73Y
1935-11-05,7.88Y
1935-11-06,0.00Y
1935-11-07,18.17Y
1935-11-08,10.50Y
1935-11-09,0.00Y
1935-11-10,2.53Y
1935-11-11,1.73Y
1935-11-12,0.00Y
1935-11-13,0.00Y
1935-11-14,0.00Y
1935-11-15,0.00Y
1935-11-16,0.00Y
1935-11-17,0.00Y
1935-11-18,0.00Y
1935-11-19,0.00Y
1935-11-20,10.50Y
1935-11-21,0.00Y
1935-11-22,0.00Y
1935-11-23,0.00Y
1935-11-24,0.00Y
1935-11-25,0.00Y
1935-11-26,0.00Y
1935-11-27,0.00Y
1935-11-28,16.86Y
1935-11-29,0.00Y
1935-11-30,1.02Y
1935-11-31,-9999.99M
1935-12-01,0.00Y
1935-12-02,0.00Y
1935-12-03,0.00Y
1935-12-04,0.00Y
1935-12-05,0.00Y
1935-12-06,0.00Y
1935-12-07,0.00Y
1935-12-08,0.00Y
1935-12-09,0.00Y
1935-12-10,0.00Y
1935-12-11,0.00Y
1935-12-12,0.00Y
1935-12-13,0.00Y
1935-12-14,0.00Y
1935-12-15,0.00Y
1935-12-16,0.00Y
1935-12-17,0.00Y
1935-12-18,0.00Y
1935-12-19,0.00Y
1935-12-20,0.00Y
1935-12-21,0.00Y
1935-12-22,0.00Y
1935-12-23,0.00Y
1935-12-24,0.00Y
1935-12-25,0.00Y
1935-12-26,0.00Y
1935-12-27,0.00Y
1935-12-28,0.00Y
1935-12-29,0.00Y
1935-12-30,0.00Y
1935-12-31,0.00Y
1936-01-01,0.00Y
1936-01-02,0.00Y
1936-01-03,0.00Y
1936-01-04,0.00Y
1936-01-05,0.00Y
1936-01-06,0.00Y
1936-01-07,0.00Y
1936-01-08,0.00Y
1936-01-09,0.00Y
1936-01-10,0.00Y
1936-01-11,0.00Y
1936-01-12,0.00Y
1936-01-13,0.00Y
1936-01-14,0.00Y
1936-01-15,0.00Y
1936-01-16,0.00Y
1936-01-17,0.00Y
1936-01-18,0.00Y
1936-01-19,0.00Y
1936-01-20,0.00Y
1936-01-21,0.00Y
1936-01-22,0.00Y
1936-01-23,0.00Y
1936-01-24,0.00Y
1936-01-25,0.00Y
1936-01-26,0.00Y
1936-01-27,0.00Y
1936-01-28,0.00Y
1936-01-29,0.00Y
1936-01-30,0.00Y
1936-01-31,0.00Y
1936-02-01,0.00Y
1936-02-02,0.00Y
1936-02-03,0.00Y
1936-02-04,0.00Y
1936-02-05,0.00Y
1936-02-06,0.00Y
1936-02-07,0.00Y
1936-02-08,0.00Y
1936-02-09,0.00Y
1936-02-10,0.00Y
1936-02-11,0.00Y
1936-02-12,0.00Y
1936-02-13,0.00Y
1936-02-14,0.00Y
1936-02-15,0.00Y
1936-02-16,0.00Y
1936-02-17,6.67Y
1936-02-18,0.00Y
1936-02-19,0.00Y
1936-02-20,0.00Y
1936-02-21,0.00Y
1936-02-22,0.00Y
1936-02-23,0.00Y
1936-02-24,0.00Y
1936-02-25,0.00Y
1936-02-26,0.00Y
1936-02-27,0.00Y
1936-02-28,0.00Y
1936-02-29,0.00Y
1936-02-30,-9999.99M
1936-02-31,-9999.99M
1936-03-01,0.00Y
1936-03-02,0.00Y
1936-03-03,0.00Y
1936-03-04,0.00Y
1936-03-05,0.00Y
1936-03-06,0.00Y
1936-03-07,0.00Y
1936-03-08,0.00Y
1936-03-09,0.00Y
1936-03-10,0.00Y
1936-03-11,0.00Y
1936-03-12,3.84Y
1936-03-13,1.02Y
1936-03-14,0.00Y
1936-03-15,0.00Y
1936-03-16,20.19Y
1936-03-17,2.03Y
1936-03-18,0.00Y
1936-03-19,1.22Y
1936-03-20,0.00Y
1936-03-21,10.00Y
1936-03-22,5.86Y
1936-03-23,0.00Y
1936-03-24,0.00Y
1936-03-25,0.00Y
1936-03-26,0.00Y
1936-03-27,0.00Y
1936-03-28,0.00Y
1936-03-29,0.00Y
1936-03-30,0.00Y
1936-03-31,4.35Y
1936-04-01,0.00Y
1936-04-02,0.00Y
1936-04-03,0.00Y
1936-04-04,0.00Y
1936-04-05,0.00Y
1936-04-06,0.00Y
1936-04-07,0.00Y
1936-04-08,0.00Y
1936-04-09,0.00Y
1936-04-10,0.00Y
1936-04-11,0.00Y
1936-04-12,0.00Y
1936-04-13,0.00Y
1936-04-14,0.00Y
1936-04-15,0.00Y
1936-04-16,0.00Y
1936-04-17,10.50Y
1936-04-18,0.00Y
1936-04-19,0.00Y
1936-04-20,0.00Y
1936-04-21,5.36Y
1936-04-22,0.00Y
1936-04-23,0.00Y
1936-04-24,0.00Y
1936-04-25,0.00Y
1936-04-26,4.05Y
1936-04-27,0.00Y
1936-04-28,1.52Y
1936-04-29,10.20Y
1936-04-30,0.00Y
1936-04-31,-9999.99M
1936-05-01,0.00Y
1936-05-02,41.17Y
1936-05-03,10.20Y
1936-05-04,4.55Y
1936-05-05,0.00Y
1936-05-06,0.00Y
1936-05-07,1.73Y
1936-05-08,14.03Y
1936-05-09,1.22Y
1936-05-10,6.37Y
1936-05-11,2.03Y
1936-05-12,0.00Y
1936-05-13,7.88Y
1936-05-14,0.00Y
1936-05-15,4.85Y
1936-05-16,0.00Y
1936-05-17,1.73Y
1936-05-18,0.00Y
1936-05-19,28.36Y
1936-05-20,1.22Y
1936-05-21,0.00Y
1936-05-22,7.68Y
1936-05-23,7.68Y
1936-05-24,2.53Y
1936-05-25,5.05Y
1936-05-26,0.00Y
1936-05-27,1.52Y
1936-05-28,1.22Y
1936-05-29,1.02Y
1936-05-30,0.00Y
1936-05-31,1.52Y
1936-06-01,3.84Y
1936-06-02,1.22Y
1936-06-03,0.00Y
1936-06-04,8.18Y
1936-06-05,0.00Y
1936-06-06,0.00Y
1936-06-07,0.00Y
1936-06-08,0.00Y
1936-06-09,0.00Y
1936-06-10,0.00Y
1936-06-11,25.84Y
1936-06-12,0.00Y
1936-06-13,0.00Y
1936-06-14,4.35Y
1936-06-15,71.94Y
1936-06-16,27.85Y
1936-06-17,5.36Y
1936-06-18,12.01Y
1936-06-19,1.52Y
1936-06-20,0.00Y
1936-06-21,0.00Y
1936-06-22,0.00Y
1936-06-23,0.00Y
1936-06-24,1.52Y
1936-06-25,3.54Y
1936-06-26,0.00Y
1936-06-27,0.00Y
1936-06-28,11.01Y
1936-06-29,0.00Y
1936-06-30,0.00Y
1936-06-31,-9999.99M
1936-07-01,0.00Y
1936-07-02,0.00Y
1936-07-03,4.05Y
1936-07-04,29.47Y
1936-07-05,4.35Y
1936-07-06,0.00Y
1936-07-07,1.22Y
1936-07-08,0.00Y
1936-07-09,0.00Y
1936-07-10,0.00Y
1936-07-11,13.02Y
1936-07-12,0.00Y
1936-07-13,22.51Y
1936-07-14,0.00Y
1936-07-15,18.37Y
1936-07-16,0.00Y
1936-07-17,0.00Y
1936-07-18,0.00Y
1936-07-19,1.73Y
1936-07-20,0.00Y
1936-07-21,0.00Y
1936-07-22,12.72Y
1936-07-23,4.35Y
1936-07-24,3.24Y
1936-07-25,0.00Y
1936-07-26,0.72Y
1936-07-27,0.00Y
1936-07-28,0.00Y
1936-07-29,13.53Y
1936-07-30,2.53Y
1936-07-31,0.00Y
1936-08-01,0.00Y
1936-08-02,0.00Y
1936-08-03,13.02Y
1936-08-04,0.00Y
1936-08-05,0.00Y
1936-08-06,0.00Y
1936-08-07,0.00Y
1936-08-08,0.00Y
1936-08-09,0.00Y
1936-08-10,2.53Y
1936-08-11,0.00Y
1936-08-12,0.00Y
1936-08-13,5.86Y
1936-08-14,0.00Y
1936-08-15,8.38Y
1936-08-16,0.00Y
1936-08-17,0.00Y
1936-08-18,0.00Y
1936-08-19,0.00Y
1936-08-20,0.00Y
1936-08-21,0.00Y
1936-08-22,0.00Y
1936-08-23,0.00Y
1936-08-24,0.00Y
1936-08-25,1.52Y
1936-08-26,0.00Y
1936-08-27,0.00Y
1936-08-28,0.00Y
1936-08-29,3.04Y
1936-08-30,14.03Y
1936-08-31,2.73Y
1936-09-01,0.72Y
1936-09-02,0.00Y
1936-09-03,2.03Y
1936-09-04,0.00Y
1936-09-05,0.00Y
1936-09-06,1.22Y
1936-09-07,0.00Y
1936-09-08,0.00Y
1936-09-09,0.00Y
1936-09-10,0.00Y
1936-09-11,3.24Y
1936-09-12,0.00Y
1936-09-13,0.00Y
1936-09-14,0.00Y
1936-09-15,1.22Y
1936-09-16,11.01Y
1936-09-17,0.00Y
1936-09-18,0.00Y
1936-09-19,0.00Y
1936-09-20,0.00Y
1936-09-21,1.52Y
1936-09-22,0.00Y
1936-09-23,0.00Y
1936-09-24,6.67Y
1936-09-25,0.00Y
1936-09-26,0.00Y
1936-09-27,2.23Y
1936-09-28,0.00Y
1936-09-29,0.00Y
1936-09-30,0.00Y
1936-09-31,-9999.99M
1936-10-01,12.72Y
1936-10-02,0.00Y
1936-10-03,0.00Y
1936-10-04,1.73Y
1936-10-05,0.00Y
1936-10-06,0.00Y
1936-10-07,2.73Y
1936-10-08,0.72Y
1936-10-09,0.00Y
1936-10-10,8.38Y
1936-10-11,0.00Y
1936-10-12,3.84Y
1936-10-13,0.00Y
1936-10-14,0.00Y
1936-10-15,2.23Y
1936-10-16,0.00Y
1936-10-17,7.88Y
1936-10-18,1.52Y
1936-10-19,0.00Y
1936-10-20,3.54Y
1936-10-21,0.72Y
1936-10-22,7.88Y
1936-10-23,2.53Y
1936-10-24,4.55Y
1936-10-25,3.84Y
1936-10-26,9.69Y
1936-10-27,0.00Y
1936-10-28,0.00Y
1936-10-29,0.00Y
1936-10-30,0.00Y
1936-10-31,0.00Y
1936-11-01,2.73Y
1936-11-02,17.36Y
1936-11-03,3.04Y
1936-11-04,7.68Y
1936-11-05,4.85Y
1936-11-06,0.00Y
1936-11-07,0.00Y
1936-11-08,0.00Y
1936-11-09,0.00Y
1936-11-10,0.00Y
1936-11-11,0.00Y
1936-11-12,0.00Y
1936-11-13,0.00Y
1936-11-14,1.52Y
1936-11-15,0.00Y
1936-11-16,0.00Y
1936-11-17,0.00Y
1936-11-18,0.00Y
1936-11-19,0.00Y
1936-11-20,0.00Y
1936-11-21,0.00Y
1936-11-22,0.00Y
1936-11-23,0.00Y
1936-11-24,0.00Y
1936-11-25,0.00Y
1936-11-26,2.73Y
1936-11-27,0.00Y
1936-11-28,0.00Y
1936-11-29,0.00Y
1936-11-30,0.00Y
1936-11-31,-9999.99M
1936-12-01,0.00Y
1936-12-02,0.00Y
1936-12-03,3.54Y
1936-12-04,0.00Y
1936-12-05,0.00Y
1936-12-06,0.00Y
1936-12-07,0.00Y
1936-12-08,0.00Y
1936-12-09,0.00Y
1936-12-10,8.18Y
1936-12-11,2.73Y
1936-12-12,0.00Y
1936-12-13,0.00Y
1936-12-14,0.00Y
1936-12-15,0.00Y
1936-12-16,0.00Y
1936-12-17,0.00Y
1936-12-18,0.00Y
1936-12-19,0.00Y
1936-12-20,6.67Y
1936-12-21,0.00Y
1936-12-22,0.00Y
1936-12-23,0.00Y
1936-12-24,0.00Y
1936-12-25,0.00Y
1936-12-26,1.73Y
1936-12-27,13.02Y
1936-12-28,0.00Y
1936-12-29,0.00Y
1936-12-30,0.00Y
1936-12-31,0.00Y
1937-01-01,0.00Y
1937-01-02,0.00Y
1937-01-03,1.52Y
1937-01-04,0.00Y
1937-01-05,0.00Y
1937-01-06,0.00Y
1937-01-07,0.00Y
1937-01-08,0.00Y
1937-01-09,5.05Y
1937-01-10,0.00Y
1937-01-11,0.00Y
1937-01-12,0.00Y
1937-01-13,0.00Y
1937-01-14,9.19Y
1937-01-15,1.52Y
1937-01-16,0.00Y
1937-01-17,0.00Y
1937-01-18,0.00Y
1937-01-19,0.00Y
1937-01-20,0.00Y
1937-01-21,0.00Y
1937-01-22,0.00Y
1937-01-23,0.00Y
1937-01-24,0.00Y
1937-01-25,0.00Y
1937-01-26,0.00Y
1937-01-27,0.00Y
1937-01-28,0.00Y
1937-01-29,0.00Y
1937-01-30,0.00Y
1937-01-31,0.00Y
1937-02-01,0.00Y
1937-02-02,0.00Y
1937-02-03,0.00Y
1937-02-04,0.00Y
1937-02-05,0.00Y
1937-02-06,0.00Y
1937-02-07,0.00Y
1937-02-08,0.00C
1937-02-09,13.02A
1937-02-10,0.00Y
1937-02-11,0.00Y
1937-02-12,0.00Y
1937-02-13,0.00Y
1937-02-14,10.70Y
1937-02-15,5.05Y
1937-02-16,0.00Y
1937-02-17,0.00Y
1937-02-18,0.00Y
1937-02-19,0.00Y
1937-02-20,0.00Y
1937-02-21,0.00Y
1937-02-22,0.00Y
1937-02-23,0.00Y
1937-02-24,0.00Y
1937-02-25,0.00Y
1937-02-26,0.00Y
1937-02-27,0.00Y
1937-02-28,0.00Y
1937-02-29,-9999.99M
1937-02-30,-9999.99M
1937-02-31,-9999.99M
1937-03-01,0.00Y
1937-03-02,0.00Y
1937-03-03,0.00Y
1937-03-04,0.00Y
1937-03-05,0.00Y
1937-03-06,0.00Y
1937-03-07,0.00Y
1937-03-08,0.00Y
1937-03-09,0.00Y
1937-03-10,0.00Y
1937-03-11,0.00Y
1937-03-12,0.00Y
1937-03-13,0.00Y
1937-03-14,0.00Y
1937-03-15,0.00Y
1937-03-16,13.02Y
1937-03-17,0.00Y
1937-03-18,0.00Y
1937-03-19,0.00Y
1937-03-20,0.00Y
1937-03-21,0.00Y
1937-03-22,0.15T
1937-03-23,0.00Y
1937-03-24,0.00Y
1937-03-25,0.00Y
1937-03-26,0.00Y
1937-03-27,0.00Y
1937-03-28,0.00Y
1937-03-29,0.00Y
1937-03-30,0.00Y
1937-03-31,0.00Y
1937-04-01,0.00Y
1937-04-02,0.00Y
1937-04-03,0.00Y
1937-04-04,0.00Y
1937-04-05,3.84Y
1937-04-06,5.05Y
1937-04-07,0.00Y
1937-04-08,0.00Y
1937-04-09,0.00Y
1937-04-10,0.00Y
1937-04-11,0.00Y
1937-04-12,0.00Y
1937-04-13,0.00Y
1937-04-14,0.00Y
1937-04-15,0.00Y
1937-04-16,0.00Y
1937-04-17,0.00Y
1937-04-18,0.00Y
1937-04-19,0.00Y
1937-04-20,0.00Y
1937-04-21,0.00Y
1937-04-22,0.00Y
1937-04-23,0.00Y
1937-04-24,0.00Y
1937-04-25,0.00Y
1937-04-26,0.00Y
1937-04-27,0.00Y
1937-04-28,0.00Y
1937-04-29,0.00Y
1937-04-30,0.00Y
1937-04-31,-9999.99M
1937-05-01,0.00Y
1937-05-02,0.00Y
1937-05-03,0.00Y
1937-05-04,0.00Y
1937-05-05,0.00Y
1937-05-06,0.00Y
1937-05-07,0.00Y
1937-05-08,0.00Y
1937-05-09,0.00Y
1937-05-10,22.00Y
1937-05-11,18.17Y
1937-05-12,0.00Y
1937-05-13,0.00Y
1937-05-14,4.05Y
1937-05-15,9.19Y
1937-05-16,0.00Y
1937-05-17,0.00C
1937-05-18,2.23A
1937-05-19,0.00Y
1937-05-20,13.53Y
1937-05-21,2.73Y
1937-05-22,0.00Y
1937-05-23,6.67Y
1937-05-24,5.36Y
1937-05-25,6.37Y
1937-05-26,0.00Y
1937-05-27,7.37Y
1937-05-28,0.00Y
1937-05-29,0.00Y
1937-05-30,0.00Y
1937-05-31,6.06Y
1937-06-01,2.23Y
1937-06-02,0.00Y
1937-06-03,17.16Y
1937-06-04,0.00Y
1937-06-05,0.00Y
1937-06-06,0.00Y
1937-06-07,0.00Y
1937-06-08,0.00Y
1937-06-09,0.00Y
1937-06-10,0.00Y
1937-06-11,0.00Y
1937-06-12,0.00Y
1937-06-13,13.33Y
1937-06-14,2.73Y
1937-06-15,0.00Y
1937-06-16,0.00Y
1937-06-17,13.02Y
1937-06-18,7.37Y
1937-06-19,0.00Y
1937-06-20,0.00Y
1937-06-21,3.04Y
1937-06-22,39.15Y
1937-06-23,0.00Y
1937-06-24,0.00Y
1937-06-25,0.00Y
1937-06-26,0.00Y
1937-06-27,0.00Y
1937-06-28,1.02Y
1937-06-29,11.71Y
1937-06-30,5.56Y
1937-06-31,-9999.99M
1937-07-01,8.38Y
1937-07-02,3.84Y
1937-07-03,0.00Y
1937-07-04,0.00Y
1937-07-05,0.00Y
1937-07-06,0.00Y
1937-07-07,3.84Y
1937-07-08,0.15T
1937-07-09,0.00Y
1937-07-10,0.00Y
1937-07-11,0.00Y
1937-07-12,0.00Y
1937-07-13,0.00Y
1937-07-14,0.00Y
1937-07-15,1.52Y
1937-07-16,6.87Y
1937-07-17,8.89Y
1937-07-18,0.00Y
1937-07-19,0.00Y
1937-07-20,0.00Y
1937-07-21,0.00Y
1937-07-22,0.00Y
1937-07-23,0.00Y
1937-07-24,5.86Y
1937-07-25,0.00Y
1937-07-26,2.53Y
1937-07-27,0.00Y
1937-07-28,0.15T
1937-07-29,0.00Y
1937-07-30,0.00Y
1937-07-31,0.00Y
1937-08-01,30.48Y
1937-08-02,10.70Y
1937-08-03,0.00Y
1937-08-04,3.84Y
1937-08-05,0.00Y
1937-08-06,0.00Y
1937-08-07,0.00Y
1937-08-08,0.00Y
1937-08-09,16.66Y
1937-08-10,29.97Y
1937-08-11,18.67Y
1937-08-12,20.69Y
1937-08-13,0.00Y
1937-08-14,0.00Y
1937-08-15,0.00Y
1937-08-16,2.23Y
1937-08-17,0.00Y
1937-08-18,0.00Y
1937-08-19,10.50Y
1937-08-20,0.00Y
1937-08-21,3.54Y
1937-08-22,0.00Y
1937-08-23,0.00Y
1937-08-24,0.00Y
1937-08-25,0.00Y
1937-08-26,0.00Y
1937-08-27,1.52Y
1937-08-28,0.00Y
1937-08-29,0.00Y
1937-08-30,0.00Y
1937-08-31,24.52Y
1937-09-01,0.00Y
1937-09-02,28.36Y
1937-09-03,7.88Y
1937-09-04,0.00Y
1937-09-05,0.00Y
1937-09-06,0.00Y
1937-09-07,0.00Y
1937-09-08,0.00Y
1937-09-09,0.00Y
1937-09-10,0.00Y
1937-09-11,34.81Y
1937-09-12,1.02Y
1937-09-13,3.04Y
1937-09-14,21.70Y
1937-09-15,0.00Y
1937-09-16,0.00Y
1937-09-17,0.00Y
1937-09-18,0.00Y
1937-09-19,3.84Y
1937-09-20,2.23Y
1937-09-21,0.00Y
1937-09-22,0.00Y
1937-09-23,0.00Y
1937-09-24,0.00Y
1937-09-25,3.54Y
1937-09-26,0.72Y
1937-09-27,0.00Y
1937-09-28,0.00Y
1937-09-29,0.00Y
1937-09-30,0.00Y
1937-09-31,-9999.99M
1937-10-01,15.55Y
1937-10-02,0.00Y
1937-10-03,0.00Y
1937-10-04,0.00Y
1937-10-05,13.02Y
1937-10-06,19.18Y
1937-10-07,0.00Y
1937-10-08,0.00Y
1937-10-09,0.00Y
1937-10-10,0.00Y
1937-10-11,0.00Y
1937-10-12,0.00Y
1937-10-13,0.00Y
1937-10-14,0.00Y
1937-10-15,0.00Y
1937-10-16,0.00Y
1937-10-17,0.00Y
1937-10-18,6.37Y
1937-10-19,30.48Y
1937-10-20,13.02Y
1937-10-21,5.36Y
1937-10-22,0.00Y
1937-10-23,16.86Y
1937-10-24,6.06Y
1937-10-25,0.00Y
1937-10-26,0.00Y
1937-10-27,8.89Y
1937-10-28,0.00Y
1937-10-29,10.50Y
1937-10-30,14.03Y
1937-10-31,0.72Y
1937-11-01,0.00Y
1937-11-02,23.31Y
1937-11-03,0.00Y
1937-11-04,0.00Y
1937-11-05,0.00Y
1937-11-06,1.22Y
1937-11-07,0.00Y
1937-11-08,21.50Y
1937-11-09,2.23Y
1937-11-10,0.00Y
1937-11-11,0.00Y
1937-11-12,0.00Y
1937-11-13,1.73Y
1937-11-14,31.99Y
1937-11-15,24.52Y
1937-11-16,28.36Y
1937-11-17,1.73Y
1937-11-18,4.85Y
1937-11-19,0.00Y
1937-11-20,0.00Y
1937-11-21,1.52Y
1937-11-22,0.00Y
1937-11-23,0.00Y
1937-11-24,0.00Y
1937-11-25,0.00Y
1937-11-26,0.00Y
1937-11-27,2.23Y
1937-11-28,0.00C
1937-11-29,22.00A
1937-11-30,8.18Y
1937-11-31,-9999.99M
1937-12-01,0.00Y
1937-12-02,0.00Y
1937-12-03,0.00Y
1937-12-04,0.00Y
1937-12-05,0.00Y
1937-12-06,0.00Y
1937-12-07,4.85Y
1937-12-08,0.00Y
1937-12-09,2.53Y
1937-12-10,0.00Y
1937-12-11,0.00Y
1937-12-12,0.00Y
1937-12-13,0.00Y
1937-12-14,0.00Y
1937-12-15,0.00Y
1937-12-16,0.00Y
1937-12-17,0.00Y
1937-12-18,0.00Y
1937-12-19,0.00Y
1937-12-20,0.00Y
1937-12-21,0.00Y
1937-12-22,0.00Y
1937-12-23,0.00Y
1937-12-24,0.00Y
1937-12-25,0.00Y
1937-12-26,0.00Y
1937-12-27,0.00Y
1937-12-28,0.00Y
1937-12-29,0.00Y
1937-12-30,0.00Y
1937-12-31,0.00Y
1938-01-01,0.00Y
1938-01-02,0.00Y
1938-01-03,0.00Y
1938-01-04,0.00Y
1938-01-05,0.00Y
1938-01-06,0.00Y
1938-01-07,0.15T
1938-01-08,0.00Y
1938-01-09,0.00Y
1938-01-10,0.00Y
1938-01-11,0.00Y
1938-01-12,0.00Y
1938-01-13,0.00Y
1938-01-14,0.00Y
1938-01-15,0.00Y
1938-01-16,0.00Y
1938-01-17,0.00Y
1938-01-18,0.00Y
1938-01-19,0.00Y
1938-01-20,0.00Y
1938-01-21,0.00Y
1938-01-22,0.00Y
1938-01-23,0.00Y
1938-01-24,0.00Y
1938-01-25,18.37Y
1938-01-26,0.00Y
1938-01-27,0.00Y
1938-01-28,0.00Y
1938-01-29,0.00Y
1938-01-30,0.00Y
1938-01-31,3.54Y
1938-02-01,0.00Y
1938-02-02,0.00Y
1938-02-03,0.00Y
1938-02-04,0.00Y
1938-02-05,0.00Y
1938-02-06,0.00Y
1938-02-07,0.00Y
1938-02-08,0.00Y
1938-02-09,0.00Y
1938-02-10,0.00Y
1938-02-11,0.00Y
1938-02-12,0.00Y
1938-02-13,0.00Y
1938-02-14,0.00Y
1938-02-15,0.00Y
1938-02-16,0.00Y
1938-02-17,0.00Y
1938-02-18,0.00Y
1938-02-19,0.00Y
1938-02-20,0.00Y
1938-02-21,0.00Y
1938-02-22,0.00Y
1938-02-23,0.00Y
1938-02-24,0.00Y
1938-02-25,0.00Y
1938-02-26,0.00Y
1938-02-27,0.00Y
1938-02-28,0.00Y
1938-02-29,-9999.99M
1938-02-30,-9999.99M
1938-02-31,-9999.99M
1938-03-01,0.00Y
1938-03-02,0.00Y
1938-03-03,0.00Y
1938-03-04,0.00Y
1938-03-05,0.00Y
1938-03-06,0.00Y
1938-03-07,0.00Y
1938-03-08,0.00Y
1938-03-09,0.00Y
1938-03-10,0.00Y
1938-03-11,0.00Y
1938-03-12,0.00Y
1938-03-13,0.00Y
1938-03-14,0.00Y
1938-03-15,0.00Y
1938-03-16,0.00Y
1938-03-17,0.00Y
1938-03-18,0.00Y
1938-03-19,0.00Y
1938-03-20,0.00C
1938-03-21,11.51A
1938-03-22,0.00Y
1938-03-23,1.52Y
1938-03-24,0.00Y
1938-03-25,0.00Y
1938-03-26,0.00Y
1938-03-27,0.00Y
1938-03-28,0.00Y
1938-03-29,0.00Y
1938-03-30,0.00Y
1938-03-31,9.39Y
1938-04-01,0.00Y
1938-04-02,0.00Y
1938-04-03,0.00Y
1938-04-04,0.00Y
1938-04-05,0.72Y
1938-04-06,0.00Y
1938-04-07,0.00Y
1938-04-08,0.00Y
1938-04-09,0.00Y
1938-04-10,0.00Y
1938-04-11,0.00Y
1938-04-12,0.00Y
1938-04-13,9.19Y
1938-04-14,0.00Y
1938-04-15,0.00Y
1938-04-16,0.00Y
1938-04-17,4.35Y
1938-04-18,0.00Y
1938-04-19,0.00Y
1938-04-20,0.15T
1938-04-21,0.00Y
1938-04-22,10.50Y
1938-04-23,0.00Y
1938-04-24,0.00Y
1938-04-25,0.00Y
1938-04-26,0.00Y
1938-04-27,20.19Y
1938-04-28,0.00Y
1938-04-29,13.02Y
1938-04-30,15.55Y
1938-04-31,-9999.99M
1938-05-01,13.02Y
1938-05-02,0.00Y
1938-05-03,0.00Y
1938-05-04,0.00Y
1938-05-05,0.00Y
1938-05-06,0.00Y
1938-05-07,0.00Y
1938-05-08,0.00Y
1938-05-09,0.00Y
1938-05-10,18.87Y
1938-05-11,14.34Y
1938-05-12,4.35Y
1938-05-13,11.51Y
1938-05-14,1.02Y
1938-05-15,18.87Y
1938-05-16,15.04Y
1938-05-17,4.05Y
1938-05-18,0.00Y
1938-05-19,0.00Y
1938-05-20,8.69Y
1938-05-21,0.00Y
1938-05-22,0.00Y
1938-05-23,0.00Y
1938-05-24,0.00Y
1938-05-25,0.00Y
1938-05-26,0.00Y
1938-05-27,0.00Y
1938-05-28,0.00Y
1938-05-29,0.00Y
1938-05-30,0.00Y
1938-05-31,0.00Y
1938-06-01,0.00Y
1938-06-02,0.00Y
1938-06-03,3.24Y
1938-06-04,0.00Y
1938-06-05,32.49Y
1938-06-06,1.02Y
1938-06-07,1.73Y
1938-06-08,0.00Y
1938-06-09,0.00Y
1938-06-10,0.00Y
1938-06-11,0.00Y
1938-06-12,0.00Y
1938-06-13,0.00Y
1938-06-14,0.00Y
1938-06-15,0.00Y
1938-06-16,0.00Y
1938-06-17,18.37Y
1938-06-18,9.69Y
1938-06-19,1.73Y
1938-06-20,0.00Y
1938-06-21,0.00Y
1938-06-22,3.04Y
1938-06-23,8.18Y
1938-06-24,0.00Y
1938-06-25,44.30Y
1938-06-26,0.00Y
1938-06-27,0.00Y
1938-06-28,0.00Y
1938-06-29,0.00Y
1938-06-30,0.00Y
1938-06-31,-9999.99M
1938-07-01,6.67Y
1938-07-02,46.31Y
1938-07-03,20.19Y
1938-07-04,19.68Y
1938-07-05,5.36Y
1938-07-06,0.00Y
1938-07-07,0.00Y
1938-07-08,1.02Y
1938-07-09,0.00Y
1938-07-10,1.22Y
1938-07-11,0.00Y
1938-07-12,0.00Y
1938-07-13,1.52Y
1938-07-14,6.06Y
1938-07-15,0.15T
1938-07-16,0.00Y
1938-07-17,3.04Y
1938-07-18,0.00Y
1938-07-19,0.00Y
1938-07-20,0.00Y
1938-07-21,0.00Y
1938-07-22,0.00Y
1938-07-23,0.00Y
1938-07-24,12.01Y
1938-07-25,0.00Y
1938-07-26,4.35Y
1938-07-27,11.21Y
1938-07-28,0.00Y
1938-07-29,0.15T
1938-07-30,0.00Y
1938-07-31,0.00Y
1938-08-01,6.67Y
1938-08-02,7.37Y
1938-08-03,0.00Y
1938-08-04,0.00Y
1938-08-05,0.00Y
1938-08-06,0.00Y
1938-08-07,2.73Y
1938-08-08,0.00Y
1938-08-09,11.51Y
1938-08-10,0.00Y
1938-08-11,6.87Y
1938-08-12,15.85Y
1938-08-13,0.00Y
1938-08-14,0.00Y
1938-08-15,1.73Y
1938-08-16,4.55Y
1938-08-17,12.52Y
1938-08-18,14.84Y
1938-08-19,0.00Y
1938-08-20,0.00Y
1938-08-21,11.51Y
1938-08-22,17.66Y
1938-08-23,3.04Y
1938-08-24,2.53Y
1938-08-25,0.00Y
1938-08-26,0.00Y
1938-08-27,7.88Y
1938-08-28,0.00Y
1938-08-29,0.00Y
1938-08-30,0.00Y
1938-08-31,0.00Y
1938-09-01,5.86Y
1938-09-02,0.00Y
1938-09-03,0.00Y
1938-09-04,4.55Y
1938-09-05,1.52Y
1938-09-06,0.00Y
1938-09-07,4.35Y
1938-09-08,0.00Y
1938-09-09,0.00Y
1938-09-10,0.00Y
1938-09-11,0.00Y
1938-09-12,3.04Y
1938-09-13,13.83Y
1938-09-14,0.00Y
1938-09-15,7.17Y
1938-09-16,0.00Y
1938-09-17,0.00Y
1938-09-18,1.52Y
1938-09-19,9.69Y
1938-09-20,22.00Y
1938-09-21,1.73Y
1938-09-22,0.00Y
1938-09-23,0.00Y
1938-09-24,0.00Y
1938-09-25,0.00Y
1938-09-26,0.00Y
1938-09-27,8.38Y
1938-09-28,13.02Y
1938-09-29,0.00Y
1938-09-30,12.72Y
1938-09-31,-9999.99M
1938-10-01,3.84Y
1938-10-02,0.00Y
1938-10-03,0.00Y
1938-10-04,0.00Y
1938-10-05,1.52Y
1938-10-06,0.00Y
1938-10-07,0.00Y
1938-10-08,0.00Y
1938-10-09,0.00Y
1938-10-10,0.00Y
1938-10-11,0.00Y
1938-10-12,0.00Y
1938-10-13,0.00Y
1938-10-14,0.00Y
1938-10-15,0.00Y
1938-10-16,9.39Y
1938-10-17,1.22Y
1938-10-18,0.00Y
1938-10-19,0.72Y
1938-10-20,5.36Y
1938-10-21,0.00Y
1938-10-22,0.00Y
1938-10-23,0.00Y
1938-10-24,16.66Y
1938-10-25,1.02Y
1938-10-26,0.00Y
1938-10-27,0.00Y
1938-10-28,0.00Y
1938-10-29,0.00Y
1938-10-30,0.00Y
1938-10-31,0.00Y
1938-11-01,0.72Y
1938-11-02,0.00Y
1938-11-03,0.00Y
1938-11-04,0.00Y
1938-11-05,0.72Y
1938-11-06,0.00Y
1938-11-07,0.00Y
1938-11-08,2.73Y
1938-11-09,0.00Y
1938-11-10,0.00Y
1938-11-11,0.00Y
1938-11-12,0.00C
1938-11-13,12.52A
1938-11-14,0.00Y
1938-11-15,0.00Y
1938-11-16,0.00Y
1938-11-17,0.00Y
1938-11-18,5.36Y
1938-11-19,0.00Y
1938-11-20,0.00Y
1938-11-21,0.00Y
1938-11-22,0.00Y
1938-11-23,0.00Y
1938-11-24,0.00Y
1938-11-25,0.00Y
1938-11-26,0.00Y
1938-11-27,0.00Y
1938-11-28,0.00Y
1938-11-29,0.00Y
1938-11-30,0.00Y
1938-11-31,-9999.99M
1938-12-01,0.00Y
1938-12-02,0.00Y
1938-12-03,0.00Y
1938-12-04,3.24Y
1938-12-05,10.00Y
1938-12-06,6.37Y
1938-12-07,0.00Y
1938-12-08,0.00Y
1938-12-09,10.50Y
1938-12-10,14.34Y
1938-12-11,0.00Y
1938-12-12,0.00Y
1938-12-13,0.00Y
1938-12-14,0.00Y
1938-12-15,0.00Y
1938-12-16,0.00Y
1938-12-17,0.00Y
1938-12-18,0.00Y
1938-12-19,0.00Y
1938-12-20,0.00Y
1938-12-21,0.00Y
1938-12-22,0.00Y
1938-12-23,0.00Y
1938-12-24,0.00Y
1938-12-25,0.00Y
1938-12-26,0.00Y
1938-12-27,0.00Y
1938-12-28,0.00Y
1938-12-29,0.00Y
1938-12-30,0.00Y
1938-12-31,0.00Y
1939-01-01,0.00Y
1939-01-02,0.00Y
1939-01-03,0.00Y
1939-01-04,0.00Y
1939-01-05,0.00Y
1939-01-06,0.00Y
1939-01-07,0.00Y
1939-01-08,0.00Y
1939-01-09,0.00Y
1939-01-10,0.00Y
1939-01-11,0.00Y
1939-01-12,0.00Y
1939-01-13,0.00Y
1939-01-14,0.00Y
1939-01-15,0.00Y
1939-01-16,0.00Y
1939-01-17,0.00Y
1939-01-18,0.00Y
1939-01-19,0.00Y
1939-01-20,0.00Y
1939-01-21,0.00Y
1939-01-22,0.00Y
1939-01-23,0.00Y
1939-01-24,0.00Y
1939-01-25,0.00Y
1939-01-26,0.00Y
1939-01-27,0.00Y
1939-01-28,0.00Y
1939-01-29,0.00Y
1939-01-30,0.00Y
1939-01-31,0.00Y
1939-02-01,0.00Y
1939-02-02,0.00Y
1939-02-03,0.00Y
1939-02-04,0.00Y
1939-02-05,0.00Y
1939-02-06,0.00Y
1939-02-07,0.00Y
1939-02-08,0.00Y
1939-02-09,0.00Y
1939-02-10,0.00Y
1939-02-11,0.00Y
1939-02-12,0.00Y
1939-02-13,0.00Y
1939-02-14,0.00Y
1939-02-15,14.84Y
1939-02-16,0.00Y
1939-02-17,0.00Y
1939-02-18,0.00Y
1939-02-19,0.00Y
1939-02-20,0.00Y
1939-02-21,0.00Y
1939-02-22,0.00Y
1939-02-23,0.00Y
1939-02-24,0.00Y
1939-02-25,0.00Y
1939-02-26,5.36Y
1939-02-27,0.00Y
1939-02-28,0.00Y
1939-02-29,-9999.99M
1939-02-30,-9999.99M
1939-02-31,-9999.99M
1939-03-01,2.23Y
1939-03-02,0.00Y
1939-03-03,0.00Y
1939-03-04,0.00Y
1939-03-05,0.00Y
1939-03-06,0.00Y
1939-03-07,0.00Y
1939-03-08,0.00Y
1939-03-09,0.00Y
1939-03-10,0.00Y
1939-03-11,0.00Y
1939-03-12,0.00Y
1939-03-13,0.00Y
1939-03-14,0.00Y
1939-03-15,0.00Y
1939-03-16,0.00Y
1939-03-17,0.00Y
1939-03-18,0.00Y
1939-03-19,0.00Y
1939-03-20,0.00Y
1939-03-21,0.00Y
1939-03-22,0.00Y
1939-03-23,0.00Y
1939-03-24,0.00Y
1939-03-25,0.00Y
1939-03-26,0.00Y
1939-03-27,0.00Y
1939-03-28,0.00Y
1939-03-29,0.00Y
1939-03-30,0.00Y
1939-03-31,0.00Y
1939-04-01,0.00Y
1939-04-02,0.00Y
1939-04-03,0.00Y
1939-04-04,0.00Y
1939-04-05,0.00Y
1939-04-06,5.36Y
1939-04-07,0.00Y
1939-04-08,0.00Y
1939-04-09,0.00Y
1939-04-10,0.00Y
1939-04-11,0.00Y
1939-04-12,0.00Y
1939-04-13,0.00Y
1939-04-14,0.00Y
1939-04-15,0.00Y
1939-04-16,0.00Y
1939-04-17,0.00Y
1939-04-18,5.56Y
1939-04-19,15.85Y
1939-04-20,0.00Y
1939-04-21,0.00Y
1939-04-22,4.05Y
1939-04-23,0.00Y
1939-04-24,0.00Y
1939-04-25,0.00Y
1939-04-26,0.00Y
1939-04-27,0.00Y
1939-04-28,0.00Y
1939-04-29,0.00Y
1939-04-30,0.00Y
1939-04-31,-9999.99M
1939-05-01,1.02Y
1939-05-02,0.00Y
1939-05-03,0.00Y
1939-05-04,0.00Y
1939-05-05,0.00Y
1939-05-06,2.53Y
1939-05-07,9.19Y
1939-05-08,5.36Y
1939-05-09,0.00Y
1939-05-10,0.00Y
1939-05-11,0.00Y
1939-05-12,0.00Y
1939-05-13,0.00Y
1939-05-14,0.00Y
1939-05-15,0.00Y
1939-05-16,0.00Y
1939-05-17,1.73Y
1939-05-18,0.00Y
1939-05-19,0.00Y
1939-05-20,0.00Y
1939-05-21,0.00Y
1939-05-22,0.00Y
1939-05-23,0.51Y
1939-05-24,0.00Y
1939-05-25,0.00Y
1939-05-26,0.00Y
1939-05-27,4.35Y
1939-05-28,0.00Y
1939-05-29,0.00Y
1939-05-30,16.05Y
1939-05-31,0.00Y
1939-06-01,0.00Y
1939-06-02,0.00Y
1939-06-03,0.00Y
1939-06-04,0.00Y
1939-06-05,5.36Y
1939-06-06,2.03Y
1939-06-07,0.00Y
1939-06-08,0.00Y
1939-06-09,0.72Y
1939-06-10,0.00Y
1939-06-11,2.03Y
1939-06-12,0.00Y
1939-06-13,6.06Y
1939-06-14,18.37Y
1939-06-15,1.22Y
1939-06-16,1.52Y
1939-06-17,0.00Y
1939-06-18,0.00Y
1939-06-19,0.00Y
1939-06-20,6.87Y
1939-06-21,0.00Y
1939-06-22,0.00Y
1939-06-23,1.52Y
1939-06-24,0.72Y
1939-06-25,2.03Y
1939-06-26,0.00Y
1939-06-27,0.00Y
1939-06-28,0.00Y
1939-06-29,12.01Y
1939-06-30,5.36Y
1939-06-31,-9999.99M
1939-07-01,3.84Y
1939-07-02,11.71Y
1939-07-03,0.00Y
1939-07-04,0.15T
1939-07-05,0.00Y
1939-07-06,4.05Y
1939-07-07,0.00Y
1939-07-08,17.36Y
1939-07-09,0.00Y
1939-07-10,19.48Y
1939-07-11,0.00Y
1939-07-12,19.98Y
1939-07-13,0.00Y
1939-07-14,8.18Y
1939-07-15,2.03Y
1939-07-16,2.73Y
1939-07-17,0.00Y
1939-07-18,7.17Y
1939-07-19,0.00Y
1939-07-20,1.02Y
1939-07-21,0.00Y
1939-07-22,0.00Y
1939-07-23,0.00Y
1939-07-24,0.00Y
1939-07-25,0.00Y
1939-07-26,0.00Y
1939-07-27,0.72Y
1939-07-28,12.52Y
1939-07-29,24.52Y
1939-07-30,6.37Y
1939-07-31,7.17Y
1939-08-01,2.73Y
1939-08-02,0.00Y
1939-08-03,1.73Y
1939-08-04,14.84Y
1939-08-05,0.00Y
1939-08-06,0.00Y
1939-08-07,0.00Y
1939-08-08,0.00Y
1939-08-09,8.18Y
1939-08-10,0.00Y
1939-08-11,0.00Y
1939-08-12,0.00Y
1939-08-13,36.13Y
1939-08-14,0.00Y
1939-08-15,0.00Y
1939-08-16,42.98Y
1939-08-17,24.83Y
1939-08-18,0.00Y
1939-08-19,0.00Y
1939-08-20,0.00Y
1939-08-21,4.35Y
1939-08-22,0.72Y
1939-08-23,9.39Y
1939-08-24,0.00Y
1939-08-25,0.72Y
1939-08-26,0.00Y
1939-08-27,0.00Y
1939-08-28,0.00Y
1939-08-29,0.00Y
1939-08-30,0.00Y
1939-08-31,0.00Y
1939-09-01,6.67Y
1939-09-02,1.22Y
1939-09-03,0.00Y
1939-09-04,0.00Y
1939-09-05,17.36Y
1939-09-06,4.35Y
1939-09-07,0.00Y
1939-09-08,0.51Y
1939-09-09,0.00Y
1939-09-10,23.31Y
1939-09-11,1.52Y
1939-09-12,0.00Y
1939-09-13,0.00Y
1939-09-14,1.73Y
1939-09-15,0.00Y
1939-09-16,0.00Y
1939-09-17,0.00Y
1939-09-18,0.00Y
1939-09-19,0.00Y
1939-09-20,0.15T
1939-09-21,0.00Y
1939-09-22,0.72Y
1939-09-23,5.36Y
1939-09-24,0.00Y
1939-09-25,15.55Y
1939-09-26,1.52Y
1939-09-27,16.35Y
1939-09-28,0.00Y
1939-09-29,0.00Y
1939-09-30,13.02Y
1939-09-31,-9999.99M
1939-10-01,1.02Y
1939-10-02,0.00Y
1939-10-03,0.00Y
1939-10-04,0.00Y
1939-10-05,0.00Y
1939-10-06,7.88Y
1939-10-07,1.52Y
1939-10-08,0.51Y
1939-10-09,5.36Y
1939-10-10,6.87Y
1939-10-11,0.00Y
1939-10-12,0.00Y
1939-10-13,0.00Y
1939-10-14,13.83Y
1939-10-15,0.00Y
1939-10-16,0.00Y
1939-10-17,0.00Y
1939-10-18,0.00Y
1939-10-19,9.19Y
1939-10-20,13.83Y
1939-10-21,0.15T
1939-10-22,10.50Y
1939-10-23,0.00Y
1939-10-24,0.00Y
1939-10-25,0.00Y
1939-10-26,0.00Y
1939-10-27,6.67Y
1939-10-28,0.00Y
1939-10-29,0.00Y
1939-10-30,0.00Y
1939-10-31,47.83Y
1939-11-01,0.00Y
1939-11-02,0.00Y
1939-11-03,0.00Y
1939-11-04,0.00Y
1939-11-05,0.72Y
1939-11-06,2.73Y
1939-11-07,0.00Y
1939-11-08,1.52Y
1939-11-09,0.00Y
1939-11-10,0.00Y
1939-11-11,0.00Y
1939-11-12,0.00Y
1939-11-13,0.00Y
1939-11-14,0.00Y
1939-11-15,0.00Y
1939-11-16,0.00Y
1939-11-17,0.00Y
1939-11-18,0.00Y
1939-11-19,0.00Y
1939-11-20,0.00Y
1939-11-21,0.00Y
1939-11-22,0.00Y
1939-11-23,0.00Y
1939-11-24,0.00Y
1939-11-25,0.00Y
1939-11-26,0.00Y
1939-11-27,0.00Y
1939-11-28,0.15T
1939-11-29,0.00Y
1939-11-30,0.00Y
1939-11-31,-9999.99M
1939-12-01,0.00Y
1939-12-02,0.00C
1939-12-03,7.88A
1939-12-04,0.72Y
1939-12-05,0.00Y
1939-12-06,0.00Y
1939-12-07,0.00Y
1939-12-08,0.00Y
1939-12-09,0.00Y
1939-12-10,0.00Y
1939-12-11,0.00Y
1939-12-12,0.00Y
1939-12-13,0.00Y
1939-12-14,0.00Y
1939-12-15,0.00Y
1939-12-16,0.00Y
1939-12-17,0.00Y
1939-12-18,0.00Y
1939-12-19,0.00Y
1939-12-20,0.00Y
1939-12-21,0.15T
1939-12-22,0.00Y
1939-12-23,0.00Y
1939-12-24,0.00Y
1939-12-25,0.00Y
1939-12-26,0.00Y
1939-12-27,0.00Y
1939-12-28,0.00Y
1939-12-29,0.00Y
1939-12-30,0.00Y
1939-12-31,0.00Y
1940-01-01,0.00Y
1940-01-02,0.00Y
1940-01-03,0.00Y
1940-01-04,0.00Y
1940-01-05,0.00Y
1940-01-06,0.00Y
1940-01-07,0.00Y
1940-01-08,0.00Y
1940-01-09,0.00Y
1940-01-10,0.00Y
1940-01-11,0.00Y
1940-01-12,0.00Y
1940-01-13,0.00Y
1940-01-14,0.00Y
1940-01-15,0.00Y
1940-01-16,0.00Y
1940-01-17,0.00Y
1940-01-18,0.00Y
1940-01-19,0.00Y
1940-01-20,0.00Y
1940-01-21,0.00Y
1940-01-22,0.00Y
1940-01-23,0.00Y
1940-01-24,0.00Y
1940-01-25,0.00Y
1940-01-26,0.00Y
1940-01-27,0.00Y
1940-01-28,0.00Y
1940-01-29,0.00Y
1940-01-30,0.00Y
1940-01-31,0.00Y
1940-02-01,0.00Y
1940-02-02,0.00Y
1940-02-03,0.00Y
1940-02-04,0.00Y
1940-02-05,0.00Y
1940-02-06,0.00Y
1940-02-07,0.00Y
1940-02-08,0.00Y
1940-02-09,0.00Y
1940-02-10,0.00Y
1940-02-11,0.00Y
1940-02-12,0.00Y
1940-02-13,0.00Y
1940-02-14,0.00Y
1940-02-15,0.00Y
1940-02-16,0.00Y
1940-02-17,0.00Y
1940-02-18,0.00Y
1940-02-19,0.00Y
1940-02-20,0.00Y
1940-02-21,0.00Y
1940-02-22,0.00Y
1940-02-23,0.00Y
1940-02-24,0.00Y
1940-02-25,0.00Y
1940-02-26,0.00Y
1940-02-27,0.00Y
1940-02-28,0.00Y
1940-02-29,0.00Y
1940-02-30,-9999.99M
1940-02-31,-9999.99M
1940-03-01,0.00Y
1940-03-02,0.00Y
1940-03-03,0.00Y
1940-03-04,0.51Y
1940-03-05,0.72Y
1940-03-06,4.85Y
1940-03-07,1.52Y
1940-03-08,4.55Y
1940-03-09,3.24Y
1940-03-10,0.00Y
1940-03-11,0.00Y
1940-03-12,0.00Y
1940-03-13,0.00Y
1940-03-14,0.00Y
1940-03-15,0.00Y
1940-03-16,1.52Y
1940-03-17,0.00Y
1940-03-18,0.00Y
1940-03-19,0.00Y
1940-03-20,0.00Y
1940-03-21,0.00Y
1940-03-22,0.00Y
1940-03-23,0.00Y
1940-03-24,0.00Y
1940-03-25,0.00Y
1940-03-26,0.00Y
1940-03-27,0.00Y
1940-03-28,0.00Y
1940-03-29,0.00Y
1940-03-30,4.05Y
1940-03-31,18.17Y
1940-04-01,0.00Y
1940-04-02,0.00Y
1940-04-03,0.00Y
1940-04-04,0.00Y
1940-04-05,4.55Y
1940-04-06,0.00Y
1940-04-07,0.00Y
1940-04-08,0.00Y
1940-04-09,8.18Y
1940-04-10,0.00Y
1940-04-11,0.00Y
1940-04-12,7.88Y
1940-04-13,4.05Y
1940-04-14,0.00Y
1940-04-15,0.00Y
1940-04-16,0.00Y
1940-04-17,0.00Y
1940-04-18,1.02Y
1940-04-19,26.64Y
1940-04-20,0.15T
1940-04-21,0.00Y
1940-04-22,1.52Y
1940-04-23,0.00Y
1940-04-24,0.00Y
1940-04-25,0.00Y
1940-04-26,0.00Y
1940-04-27,0.00Y
1940-04-28,0.00Y
1940-04-29,0.00Y
1940-04-30,0.00Y
1940-04-31,-9999.99M
1940-05-01,0.00Y
1940-05-02,3.24Y
1940-05-03,0.51Y
1940-05-04,18.17Y
1940-05-05,0.00Y
1940-05-06,4.05Y
1940-05-07,3.04Y
1940-05-08,3.84Y
1940-05-09,0.00Y
1940-05-10,0.00Y
1940-05-11,0.00Y
1940-05-12,0.00Y
1940-05-13,0.00Y
1940-05-14,0.00Y
1940-05-15,0.00Y
1940-05-16,0.00Y
1940-05-17,4.05Y
1940-05-18,1.52Y
1940-05-19,0.00Y
1940-05-20,2.73Y
1940-05-21,6.67Y
1940-05-22,0.00Y
1940-05-23,0.00Y
1940-05-24,0.00Y
1940-05-25,0.00Y
1940-05-26,0.00Y
1940-05-27,4.05Y
1940-05-28,0.51Y
1940-05-29,0.00Y
1940-05-30,0.00Y
1940-05-31,0.00Y
1940-06-01,3.24Y
1940-06-02,0.00Y
1940-06-03,1.73Y
1940-06-04,1.22Y
1940-06-05,16.86Y
1940-06-06,15.85Y
1940-06-07,20.19Y
1940-06-08,0.72Y
1940-06-09,0.15T
1940-06-10,0.00Y
1940-06-11,2.73Y
1940-06-12,9.69Y
1940-06-13,4.55Y
1940-06-14,1.02Y
1940-06-15,3.24Y
1940-06-16,0.00Y
1940-06-17,1.73Y
1940-06-18,13.83Y
1940-06-19,14.34Y
1940-06-20,11.51Y
1940-06-21,0.72Y
1940-06-22,5.86Y
1940-06-23,1.02Y
1940-06-24,0.00Y
1940-06-25,0.00Y
1940-06-26,11.71Y
1940-06-27,12.72Y
1940-06-28,1.52Y
1940-06-29,2.53Y
1940-06-30,0.51Y
1940-06-31,-9999.99M
1940-07-01,6.06Y
1940-07-02,1.02Y
1940-07-03,0.00Y
1940-07-04,7.17Y
1940-07-05,2.03Y
1940-07-06,0.00Y
1940-07-07,0.00Y
1940-07-08,0.00Y
1940-07-09,0.00Y
1940-07-10,7.88Y
1940-07-11,0.00Y
1940-07-12,0.00Y
1940-07-13,0.00Y
1940-07-14,0.00Y
1940-07-15,0.00Y
1940-07-16,3.24Y
1940-07-17,0.72Y
1940-07-18,1.73Y
1940-07-19,9.19Y
1940-07-20,0.00Y
1940-07-21,0.00Y
1940-07-22,0.72Y
1940-07-23,0.00Y
1940-07-24,0.00Y
1940-07-25,0.00Y
1940-07-26,17.16Y
1940-07-27,0.00Y
1940-07-28,0.51Y
1940-07-29,0.00Y
1940-07-30,16.05Y
1940-07-31,0.00Y
1940-08-01,0.51Y
1940-08-02,0.00Y
1940-08-03,16.05Y
1940-08-04,0.00Y
1940-08-05,1.02Y
1940-08-06,14.54Y
1940-08-07,0.00Y
1940-08-08,0.00Y
1940-08-09,0.00Y
1940-08-10,0.00Y
1940-08-11,0.00Y
1940-08-12,0.00Y
1940-08-13,0.00Y
1940-08-14,0.00Y
1940-08-15,0.00Y
1940-08-16,0.00Y
1940-08-17,0.00Y
1940-08-18,0.00Y
1940-08-19,2.03Y
1940-08-20,6.87Y
1940-08-21,0.00Y
1940-08-22,0.00Y
1940-08-23,3.84Y
1940-08-24,0.00Y
1940-08-25,0.00Y
1940-08-26,0.00Y
1940-08-27,0.00Y
1940-08-28,0.00Y
1940-08-29,0.00Y
1940-08-30,0.00Y
1940-08-31,0.72Y
1940-09-01,7.88Y
1940-09-02,8.38Y
1940-09-03,2.73Y
1940-09-04,1.52Y
1940-09-05,11.71Y
1940-09-06,0.00C
1940-09-07,4.35A
1940-09-08,11.21Y
1940-09-09,3.84Y
1940-09-10,0.00Y
1940-09-11,0.51Y
1940-09-12,0.00Y
1940-09-13,0.00Y
1940-09-14,0.00Y
1940-09-15,0.00Y
1940-09-16,14.03Y
1940-09-17,0.00Y
1940-09-18,0.00Y
1940-09-19,0.00Y
1940-09-20,2.23Y
1940-09-21,8.69Y
1940-09-22,0.00Y
1940-09-23,0.00Y
1940-09-24,15.34Y
1940-09-25,18.17Y
1940-09-26,0.72Y
1940-09-27,0.00Y
1940-09-28,5.56Y
1940-09-29,5.36Y
1940-09-30,0.00Y
1940-09-31,-9999.99M
1940-10-01,0.00Y
1940-10-02,0.00Y
1940-10-03,0.00Y
1940-10-04,0.00Y
1940-10-05,0.00Y
1940-10-06,3.24Y
1940-10-07,2.03Y
1940-10-08,8.18Y
1940-10-09,15.55Y
1940-10-10,0.00Y
1940-10-11,0.00Y
1940-10-12,0.72Y
1940-10-13,4.35Y
1940-10-14,4.05Y
1940-10-15,19.98Y
1940-10-16,0.00Y
1940-10-17,0.00Y
1940-10-18,0.00Y
1940-10-19,0.00Y
1940-10-20,0.00Y
1940-10-21,0.00Y
1940-10-22,0.00Y
1940-10-23,1.22Y
1940-10-24,0.00Y
1940-10-25,0.00Y
1940-10-26,1.52Y
1940-10-27,0.00Y
1940-10-28,0.00Y
1940-10-29,0.00Y
1940-10-30,0.00Y
1940-10-31,0.00Y
1940-11-01,0.00Y
1940-11-02,4.05Y
1940-11-03,23.31Y
1940-11-04,0.00Y
1940-11-05,0.00Y
1940-11-06,15.55Y
1940-11-07,5.36Y
1940-11-08,0.00Y
1940-11-09,0.00Y
1940-11-10,0.00Y
1940-11-11,1.52Y
1940-11-12,2.03Y
1940-11-13,0.00Y
1940-11-14,1.02Y
1940-11-15,6.67Y
1940-11-16,18.67Y
1940-11-17,0.00Y
1940-11-18,0.00Y
1940-11-19,0.00Y
1940-11-20,2.03Y
1940-11-21,0.00Y
1940-11-22,0.00Y
1940-11-23,0.00Y
1940-11-24,0.00Y
1940-11-25,0.00Y
1940-11-26,0.00Y
1940-11-27,0.00Y
1940-11-28,0.00Y
1940-11-29,0.00Y
1940-11-30,0.00Y
1940-11-31,-9999.99M
1940-12-01,0.00Y
1940-12-02,0.00Y
1940-12-03,0.00Y
1940-12-04,0.00Y
1940-12-05,0.00Y
1940-12-06,0.00Y
1940-12-07,0.00Y
1940-12-08,0.00Y
1940-12-09,0.00Y
1940-12-10,0.00Y
1940-12-11,0.00Y
1940-12-12,0.00Y
1940-12-13,0.00Y
1940-12-14,0.00Y
1940-12-15,0.00Y
1940-12-16,0.00Y
1940-12-17,0.00Y
1940-12-18,0.00Y
1940-12-19,0.00Y
1940-12-20,0.00Y
1940-12-21,0.00Y
1940-12-22,0.00Y
1940-12-23,0.00Y
1940-12-24,0.00Y
1940-12-25,0.00Y
1940-12-26,0.00Y
1940-12-27,0.00C
1940-12-28,7.88A
1940-12-29,14.54Y
1940-12-30,1.52Y
1940-12-31,0.00Y
1941-01-01,0.00Y
1941-01-02,0.00Y
1941-01-03,0.00Y
1941-01-04,0.00Y
1941-01-05,0.00Y
1941-01-06,0.00Y
1941-01-07,0.00Y
1941-01-08,0.00Y
1941-01-09,0.00Y
1941-01-10,0.00Y
1941-01-11,0.00Y
1941-01-12,0.00Y
1941-01-13,0.00Y
1941-01-14,0.00Y
1941-01-15,0.00Y
1941-01-16,0.00Y
1941-01-17,0.00Y
1941-01-18,0.00Y
1941-01-19,0.00Y
1941-01-20,0.00Y
1941-01-21,0.00Y
1941-01-22,0.00Y
1941-01-23,0.00Y
1941-01-24,0.00Y
1941-01-25,0.00Y
1941-01-26,0.00Y
1941-01-27,0.00Y
1941-01-28,0.00Y
1941-01-29,0.00Y
1941-01-30,0.00Y
1941-01-31,0.00Y
1941-02-01,0.00Y
1941-02-02,0.00Y
1941-02-03,0.00Y
1941-02-04,0.00Y
1941-02-05,0.00Y
1941-02-06,0.00Y
1941-02-07,0.00Y
1941-02-08,0.00Y
1941-02-09,0.00Y
1941-02-10,0.00Y
1941-02-11,0.00Y
1941-02-12,0.00Y
1941-02-13,0.00Y
1941-02-14,0.00Y
1941-02-15,0.00Y
1941-02-16,0.00Y
1941-02-17,0.00Y
1941-02-18,0.00Y
1941-02-19,0.00Y
1941-02-20,0.00Y
1941-02-21,0.00Y
1941-02-22,0.00Y
1941-02-23,0.00Y
1941-02-24,0.00Y
1941-02-25,0.00Y
1941-02-26,0.00Y
1941-02-27,0.00Y
1941-02-28,0.00Y
1941-02-29,-9999.99M
1941-02-30,-9999.99M
1941-02-31,-9999.99M
1941-03-01,0.00Y
1941-03-02,0.00Y
1941-03-03,0.00Y
1941-03-04,0.00Y
1941-03-05,0.00Y
1941-03-06,0.00Y
1941-03-07,0.00Y
1941-03-08,0.00Y
1941-03-09,0.00Y
1941-03-10,0.00Y
1941-03-11,0.00Y
1941-03-12,0.00Y
1941-03-13,0.00Y
1941-03-14,0.00Y
1941-03-15,0.00Y
1941-03-16,0.00Y
1941-03-17,0.00Y
1941-03-18,0.00Y
1941-03-19,0.00Y
1941-03-20,0.00Y
1941-03-21,0.00Y
1941-03-22,0.00Y
1941-03-23,0.00Y
1941-03-24,0.00Y
1941-03-25,0.00Y
1941-03-26,4.35Y
1941-03-27,0.00Y
1941-03-28,0.00Y
1941-03-29,0.00Y
1941-03-30,0.00Y
1941-03-31,0.00Y
1941-04-01,0.00Y
1941-04-02,0.00Y
1941-04-03,0.00Y
1941-04-04,0.00Y
1941-04-05,0.00Y
1941-04-06,0.00Y
1941-04-07,0.00Y
1941-04-08,0.00Y
1941-04-09,0.00Y
1941-04-10,0.00Y
1941-04-11,0.00Y
1941-04-12,0.00Y
1941-04-13,36.13Y
1941-04-14,8.38Y
1941-04-15,7.88Y
1941-04-16,0.00Y
1941-04-17,10.70Y
1941-04-18,2.23Y
1941-04-19,10.70Y
1941-04-20,1.73Y
1941-04-21,0.00Y
1941-04-22,0.00Y
1941-04-23,0.00Y
1941-04-24,3.04Y
1941-04-25,0.00Y
1941-04-26,0.00Y
1941-04-27,0.00Y
1941-04-28,0.00Y
1941-04-29,0.00Y
1941-04-30,0.00Y
1941-04-31,-9999.99M
1941-05-01,0.00Y
1941-05-02,0.00Y
1941-05-03,0.00Y
1941-05-04,0.00Y
1941-05-05,0.00Y
1941-05-06,0.00Y
1941-05-07,0.00Y
1941-05-08,2.53Y
1941-05-09,0.00Y
1941-05-10,1.02Y
1941-05-11,3.04Y
1941-05-12,1.73Y
1941-05-13,0.72Y
1941-05-14,0.00Y
1941-05-15,8.38Y
1941-05-16,3.04Y
1941-05-17,18.67Y
1941-05-18,24.32Y
1941-05-19,0.00Y
1941-05-20,0.00Y
1941-05-21,0.00Y
1941-05-22,0.00Y
1941-05-23,7.37Y
1941-05-24,25.84Y
1941-05-25,3.04Y
1941-05-26,0.00Y
1941-05-27,0.00Y
1941-05-28,8.69Y
1941-05-29,2.03Y
1941-05-30,0.00Y
1941-05-31,0.00Y
1941-06-01,0.00Y
1941-06-02,0.00Y
1941-06-03,0.00Y
1941-06-04,0.00Y
1941-06-05,0.00Y
1941-06-06,0.00Y
1941-06-07,1.52Y
1941-06-08,17.36Y
1941-06-09,3.04Y
1941-06-10,1.02Y
1941-06-11,0.00Y
1941-06-12,0.00Y
1941-06-13,0.00Y
1941-06-14,3.04Y
1941-06-15,1.22Y
1941-06-16,0.00Y
1941-06-17,0.00Y
1941-06-18,0.00Y
1941-06-19,3.84Y
1941-06-20,7.17Y
1941-06-21,0.00Y
1941-06-22,0.00Y
1941-06-23,0.00Y
1941-06-24,5.86Y
1941-06-25,1.22Y
1941-06-26,10.50Y
1941-06-27,4.85Y
1941-06-28,1.02Y
1941-06-29,0.00Y
1941-06-30,0.51Y
1941-06-31,-9999.99M
1941-07-01,5.36Y
1941-07-02,7.17Y
1941-07-03,0.00Y
1941-07-04,0.00Y
1941-07-05,0.00Y
1941-07-06,0.00Y
1941-07-07,11.51Y
1941-07-08,5.56Y
1941-07-09,21.70Y
1941-07-10,0.72Y
1941-07-11,4.35Y
1941-07-12,3.54Y
1941-07-13,0.00Y
1941-07-14,0.00Y
1941-07-15,0.00Y
1941-07-16,0.00Y
1941-07-17,2.23Y
1941-07-18,0.00Y
1941-07-19,0.00Y
1941-07-20,0.00Y
1941-07-21,0.00Y
1941-07-22,0.00Y
1941-07-23,0.00Y
1941-07-24,3.04Y
1941-07-25,3.24Y
1941-07-26,0.00Y
1941-07-27,0.00Y
1941-07-28,0.00Y
1941-07-29,0.00Y
1941-07-30,0.00Y
1941-07-31,0.00Y
1941-08-01,8.89Y
1941-08-02,1.22Y
1941-08-03,5.05Y
1941-08-04,3.54Y
1941-08-05,2.03Y
1941-08-06,0.00Y
1941-08-07,0.00Y
1941-08-08,0.72Y
1941-08-09,20.99Y
1941-08-10,0.00Y
1941-08-11,0.00Y
1941-08-12,2.23Y
1941-08-13,1.22Y
1941-08-14,0.00Y
1941-08-15,0.51Y
1941-08-16,0.00Y
1941-08-17,0.00Y
1941-08-18,4.05Y
1941-08-19,0.00Y
1941-08-20,0.00Y
1941-08-21,0.00Y
1941-08-22,7.17Y
1941-08-23,4.85Y
1941-08-24,3.24Y
1941-08-25,31.48Y
1941-08-26,6.06Y
1941-08-27,3.24Y
1941-08-28,0.51Y
1941-08-29,0.00Y
1941-08-30,7.68Y
1941-08-31,4.85Y
1941-09-01,35.82Y
1941-09-02,0.00Y
1941-09-03,0.00Y
1941-09-04,0.00Y
1941-09-05,5.05Y
1941-09-06,18.87Y
1941-09-07,4.05Y
1941-09-08,0.00Y
1941-09-09,0.00Y
1941-09-10,2.23Y
1941-09-11,0.00Y
1941-09-12,0.00Y
1941-09-13,0.72Y
1941-09-14,3.04Y
1941-09-15,16.66Y
1941-09-16,13.02Y
1941-09-17,2.53Y
1941-09-18,0.00Y
1941-09-19,0.00Y
1941-09-20,0.51Y
1941-09-21,1.02Y
1941-09-22,0.00Y
1941-09-23,0.15T
1941-09-24,0.00Y
1941-09-25,0.00Y
1941-09-26,0.00Y
1941-09-27,3.24Y
1941-09-28,0.00Y
1941-09-29,0.00Y
1941-09-30,1.02Y
1941-09-31,-9999.99M
1941-10-01,1.52Y
1941-10-02,0.00Y
1941-10-03,10.20Y
1941-10-04,0.00Y
1941-10-05,15.04Y
1941-10-06,0.51Y
1941-10-07,0.00Y
1941-10-08,18.37Y
1941-10-09,0.72Y
1941-10-10,44.30Y
1941-10-11,18.17Y
1941-10-12,0.00Y
1941-10-13,0.00Y
1941-10-14,0.00Y
1941-10-15,4.55Y
1941-10-16,0.00Y
1941-10-17,0.00Y
1941-10-18,0.00Y
1941-10-19,0.00Y
1941-10-20,0.00Y
1941-10-21,0.72Y
1941-10-22,0.00Y
1941-10-23,12.52Y
1941-10-24,0.00Y
1941-10-25,0.00Y
1941-10-26,0.00Y
1941-10-27,2.53Y
1941-10-28,0.72Y
1941-10-29,0.00Y
1941-10-30,0.00Y
1941-10-31,0.00Y
1941-11-01,1.52Y
1941-11-02,11.01Y
1941-11-03,0.00Y
1941-11-04,0.00Y
1941-11-05,0.00Y
1941-11-06,0.00Y
1941-11-07,17.87Y
1941-11-08,0.72Y
1941-11-09,0.00Y
1941-11-10,0.00Y
1941-11-11,0.15T
1941-11-12,0.00Y
1941-11-13,0.00Y
1941-11-14,0.00Y
1941-11-15,3.04Y
1941-11-16,0.51Y
1941-11-17,0.00Y
1941-11-18,0.00Y
1941-11-19,7.17Y
1941-11-20,2.03Y
1941-11-21,0.00Y
1941-11-22,0.00Y
1941-11-23,0.00Y
1941-11-24,0.00Y
1941-11-25,0.00Y
1941-11-26,3.54Y
1941-11-27,0.00Y
1941-11-28,0.00Y
1941-11-29,0.00Y
1941-11-30,0.00Y
1941-11-31,-9999.99M
1941-12-01,0.00Y
1941-12-02,0.00Y
1941-12-03,0.00Y
1941-12-04,0.00Y
1941-12-05,0.51Y
1941-12-06,10.00Y
1941-12-07,0.00Y
1941-12-08,0.00Y
1941-12-09,0.00Y
1941-12-10,0.00Y
1941-12-11,0.00Y
1941-12-12,0.00Y
1941-12-13,0.00Y
1941-12-14,0.00Y
1941-12-15,0.00Y
1941-12-16,0.00Y
1941-12-17,0.00Y
1941-12-18,0.00Y
1941-12-19,0.00Y
1941-12-20,0.00Y
1941-12-21,0.00Y
1941-12-22,0.00Y
1941-12-23,0.00Y
1941-12-24,14.34Y
1941-12-25,3.24Y
1941-12-26,0.00Y
1941-12-27,0.00Y
1941-12-28,0.00Y
1941-12-29,0.00Y
1941-12-30,0.00Y
1941-12-31,0.00Y
1942-01-01,0.00Y
1942-01-02,0.00Y
1942-01-03,6.67Y
1942-01-04,0.00Y
1942-01-05,0.00Y
1942-01-06,0.00Y
1942-01-07,0.00Y
1942-01-08,0.00Y
1942-01-09,0.00Y
1942-01-10,0.00Y
1942-01-11,0.00Y
1942-01-12,0.00Y
1942-01-13,0.00Y
1942-01-14,0.00Y
1942-01-15,0.00Y
1942-01-16,0.00Y
1942-01-17,0.00Y
1942-01-18,0.00Y
1942-01-19,0.00Y
1942-01-20,0.00Y
1942-01-21,0.00Y
1942-01-22,0.00Y
1942-01-23,0.00Y
1942-01-24,0.00Y
1942-01-25,0.00Y
1942-01-26,0.00Y
1942-01-27,0.00Y
1942-01-28,0.00Y
1942-01-29,0.00Y
1942-01-30,0.00Y
1942-01-31,0.00Y
1942-02-01,0.00Y
1942-02-02,0.00Y
1942-02-03,0.00Y
1942-02-04,0.00Y
1942-02-05,0.00Y
1942-02-06,0.00Y
1942-02-07,0.00Y
1942-02-08,0.00Y
1942-02-09,0.00Y
1942-02-10,0.00Y
1942-02-11,0.00Y
1942-02-12,0.00Y
1942-02-13,0.00Y
1942-02-14,0.00Y
1942-02-15,0.00Y
1942-02-16,0.00Y
1942-02-17,0.00Y
1942-02-18,0.00Y
1942-02-19,0.00Y
1942-02-20,0.00Y
1942-02-21,0.00Y
1942-02-22,0.00Y
1942-02-23,0.00Y
1942-02-24,0.00Y
1942-02-25,0.00Y
1942-02-26,0.00Y
1942-02-27,0.00Y
1942-02-28,0.00Y
1942-02-29,-9999.99M
1942-02-30,-9999.99M
1942-02-31,-9999.99M
1942-03-01,0.00Y
1942-03-02,0.00Y
1942-03-03,5.36Y
1942-03-04,1.22Y
1942-03-05,0.00Y
1942-03-06,1.22Y
1942-03-07,0.00Y
1942-03-08,0.00Y
1942-03-09,14.34Y
1942-03-10,0.00Y
1942-03-11,0.00Y
1942-03-12,0.00Y
1942-03-13,0.00Y
1942-03-14,0.00Y
1942-03-15,0.00Y
1942-03-16,0.00Y
1942-03-17,0.00Y
1942-03-18,0.00Y
1942-03-19,0.00Y
1942-03-20,1.52Y
1942-03-21,0.00Y
1942-03-22,0.00Y
1942-03-23,0.00Y
1942-03-24,1.22Y
1942-03-25,0.00Y
1942-03-26,0.00Y
1942-03-27,0.00Y
1942-03-28,0.00Y
1942-03-29,0.00Y
1942-03-30,0.00Y
1942-03-31,0.00Y
1942-04-01,0.00Y
1942-04-02,0.00Y
1942-04-03,0.00Y
1942-04-04,0.00Y
1942-04-05,0.00Y
1942-04-06,0.00Y
1942-04-07,0.00Y
1942-04-08,0.00Y
1942-04-09,0.00Y
1942-04-10,0.00Y
1942-04-11,0.00Y
1942-04-12,0.00Y
1942-04-13,0.00Y
1942-04-14,0.00Y
1942-04-15,0.00Y
1942-04-16,0.00Y
1942-04-17,0.00Y
1942-04-18,13.33Y
1942-04-19,20.99Y
1942-04-20,14.54Y
1942-04-21,0.00Y
1942-04-22,0.00Y
1942-04-23,0.00Y
1942-04-24,0.00Y
1942-04-25,0.00Y
1942-04-26,0.00Y
1942-04-27,0.00Y
1942-04-28,0.00Y
1942-04-29,0.00Y
1942-04-30,0.00Y
1942-04-31,-9999.99M
1942-05-01,2.03Y
1942-05-02,10.00Y
1942-05-03,1.73Y
1942-05-04,0.00Y
1942-05-05,0.00Y
1942-05-06,0.00Y
1942-05-07,0.00Y
1942-05-08,0.00Y
1942-05-09,0.00Y
1942-05-10,0.00Y
1942-05-11,0.00Y
1942-05-12,0.00Y
1942-05-13,0.00Y
1942-05-14,0.51Y
1942-05-15,0.00Y
1942-05-16,0.00Y
1942-05-17,0.72Y
1942-05-18,0.00Y
1942-05-19,1.02Y
1942-05-20,0.00Y
1942-05-21,0.00Y
1942-05-22,0.51Y
1942-05-23,1.02Y
1942-05-24,15.34Y
1942-05-25,0.72Y
1942-05-26,1.73Y
1942-05-27,4.55Y
1942-05-28,0.00Y
1942-05-29,0.72Y
1942-05-30,0.72Y
1942-05-31,0.00Y
1942-06-01,0.00Y
1942-06-02,0.00Y
1942-06-03,0.00Y
1942-06-04,0.51Y
1942-06-05,1.22Y
1942-06-06,0.00Y
1942-06-07,5.86Y
1942-06-08,0.00Y
1942-06-09,5.05Y
1942-06-10,0.00Y
1942-06-11,0.00Y
1942-06-12,30.68Y
1942-06-13,18.17Y
1942-06-14,10.50Y
1942-06-15,36.13Y
1942-06-16,20.69Y
1942-06-17,3.84Y
1942-06-18,23.82Y
1942-06-19,0.72Y
1942-06-20,0.00Y
1942-06-21,0.00Y
1942-06-22,0.00Y
1942-06-23,0.00Y
1942-06-24,0.00Y
1942-06-25,3.54Y
1942-06-26,0.00Y
1942-06-27,0.00Y
1942-06-28,1.73Y
1942-06-29,0.00Y
1942-06-30,0.00Y
1942-06-31,-9999.99M
1942-07-01,0.00Y
1942-07-02,0.00Y
1942-07-03,0.00Y
1942-07-04,0.00Y
1942-07-05,0.00Y
1942-07-06,2.03Y
1942-07-07,0.00Y
1942-07-08,1.52Y
1942-07-09,0.00Y
1942-07-10,0.00Y
1942-07-11,2.03Y
1942-07-12,8.38Y
1942-07-13,0.00Y
1942-07-14,0.00Y
1942-07-15,0.00Y
1942-07-16,27.85Y
1942-07-17,0.00Y
1942-07-18,5.36Y
1942-07-19,21.19Y
1942-07-20,0.00Y
1942-07-21,0.00Y
1942-07-22,0.00Y
1942-07-23,0.00Y
1942-07-24,0.00Y
1942-07-25,0.00Y
1942-07-26,0.00Y
1942-07-27,0.00Y
1942-07-28,6.37Y
1942-07-29,0.00Y
1942-07-30,0.00Y
1942-07-31,0.00Y
1942-08-01,3.54Y
1942-08-02,0.72Y
1942-08-03,0.51Y
1942-08-04,0.00Y
1942-08-05,0.00Y
1942-08-06,0.00Y
1942-08-07,0.00Y
1942-08-08,0.00Y
1942-08-09,1.22Y
1942-08-10,5.05Y
1942-08-11,7.37Y
1942-08-12,0.00Y
1942-08-13,0.00Y
1942-08-14,0.00Y
1942-08-15,0.00Y
1942-08-16,11.01Y
1942-08-17,0.00Y
1942-08-18,0.00Y
1942-08-19,0.00Y
1942-08-20,1.02Y
1942-08-21,0.00Y
1942-08-22,0.00Y
1942-08-23,0.00Y
1942-08-24,0.00Y
1942-08-25,0.00Y
1942-08-26,0.00Y
1942-08-27,0.72Y
1942-08-28,10.00Y
1942-08-29,0.00Y
1942-08-30,0.00Y
1942-08-31,0.00Y
1942-09-01,0.72Y
1942-09-02,0.00Y
1942-09-03,0.00Y
1942-09-04,0.00Y
1942-09-05,0.00Y
1942-09-06,0.00Y
1942-09-07,1.52Y
1942-09-08,0.00Y
1942-09-09,0.00Y
1942-09-10,0.00Y
1942-09-11,0.00Y
1942-09-12,0.00Y
1942-09-13,0.00Y
1942-09-14,0.00Y
1942-09-15,0.00Y
1942-09-16,2.23Y
1942-09-17,0.00Y
1942-09-18,0.00Y
1942-09-19,5.05Y
1942-09-20,0.00Y
1942-09-21,2.73Y
1942-09-22,0.00Y
1942-09-23,0.00Y
1942-09-24,0.00Y
1942-09-25,0.00Y
1942-09-26,0.00Y
1942-09-27,14.03Y
1942-09-28,0.00Y
1942-09-29,0.72Y
1942-09-30,0.00Y
1942-09-31,-9999.99M
1942-10-01,7.37Y
1942-10-02,0.72Y
1942-10-03,0.00Y
1942-10-04,0.00Y
1942-10-05,0.72Y
1942-10-06,7.17Y
1942-10-07,0.51Y
1942-10-08,0.00Y
1942-10-09,0.00Y
1942-10-10,0.00Y
1942-10-11,0.00Y
1942-10-12,0.00Y
1942-10-13,0.00Y
1942-10-14,0.00Y
1942-10-15,0.00Y
1942-10-16,0.00Y
1942-10-17,0.00Y
1942-10-18,18.67Y
1942-10-19,16.35Y
1942-10-20,0.00Y
1942-10-21,4.35Y
1942-10-22,6.37Y
1942-10-23,10.50Y
1942-10-24,0.00Y
1942-10-25,0.00Y
1942-10-26,3.04Y
1942-10-27,0.00Y
1942-10-28,0.00Y
1942-10-29,0.51Y
1942-10-30,1.02Y
1942-10-31,0.00Y
1942-11-01,9.39Y
1942-11-02,0.00Y
1942-11-03,4.55Y
1942-11-04,0.00Y
1942-11-05,0.00Y
1942-11-06,0.00Y
1942-11-07,0.00Y
1942-11-08,0.00Y
1942-11-09,0.00Y
1942-11-10,8.69Y
1942-11-11,0.00Y
1942-11-12,0.00Y
1942-11-13,0.00Y
1942-11-14,0.00Y
1942-11-15,0.00Y
1942-11-16,0.00Y
1942-11-17,6.37Y
1942-11-18,1.02Y
1942-11-19,0.00Y
1942-11-20,0.51Y
1942-11-21,0.00Y
1942-11-22,0.00Y
1942-11-23,0.00Y
1942-11-24,0.00Y
1942-11-25,0.00Y
1942-11-26,0.00Y
1942-11-27,0.00Y
1942-11-28,0.00Y
1942-11-29,0.00Y
1942-11-30,0.00Y
1942-11-31,-9999.99M
1942-12-01,0.00Y
1942-12-02,1.52Y
1942-12-03,0.00Y
1942-12-04,0.00Y
1942-12-05,0.00Y
1942-12-06,0.00Y
1942-12-07,0.00Y
1942-12-08,0.00Y
1942-12-09,0.00Y
1942-12-10,0.00Y
1942-12-11,0.00Y
1942-12-12,0.00Y
1942-12-13,0.00Y
1942-12-14,0.00Y
1942-12-15,0.00Y
1942-12-16,0.00Y
1942-12-17,0.00Y
1942-12-18,0.00Y
1942-12-19,0.00Y
1942-12-20,0.00Y
1942-12-21,0.00Y
1942-12-22,0.00Y
1942-12-23,0.00Y
1942-12-24,0.00Y
1942-12-25,0.00Y
1942-12-26,0.00Y
1942-12-27,0.00Y
1942-12-28,0.00Y
1942-12-29,0.00Y
1942-12-30,0.00Y
1942-12-31,0.00Y
1943-01-01,0.00Y
1943-01-02,0.00Y
1943-01-03,0.00Y
1943-01-04,0.00Y
1943-01-05,0.00Y
1943-01-06,0.00Y
1943-01-07,0.00Y
1943-01-08,0.00Y
1943-01-09,0.00Y
1943-01-10,0.00Y
1943-01-11,0.00Y
1943-01-12,0.00Y
1943-01-13,0.00Y
1943-01-14,0.00Y
1943-01-15,0.00Y
1943-01-16,0.00Y
1943-01-17,0.00Y
1943-01-18,0.00Y
1943-01-19,0.00Y
1943-01-20,0.00Y
1943-01-21,0.00Y
1943-01-22,0.00Y
1943-01-23,0.00Y
1943-01-24,0.00Y
1943-01-25,0.00Y
1943-01-26,0.00Y
1943-01-27,0.00Y
1943-01-28,0.00Y
1943-01-29,0.00Y
1943-01-30,0.00Y
1943-01-31,0.00Y
1943-02-01,0.00Y
1943-02-02,0.00Y
1943-02-03,0.00Y
1943-02-04,0.00Y
1943-02-05,0.00Y
1943-02-06,0.00Y
1943-02-07,0.00Y
1943-02-08,0.00Y
1943-02-09,0.00Y
1943-02-10,0.00Y
1943-02-11,0.00Y
1943-02-12,0.00Y
1943-02-13,0.00Y
1943-02-14,0.00Y
1943-02-15,0.00Y
1943-02-16,0.00Y
1943-02-17,0.00Y
1943-02-18,0.00Y
1943-02-19,0.00Y
1943-02-20,0.00Y
1943-02-21,0.00Y
1943-02-22,0.00Y
1943-02-23,0.00Y
1943-02-24,6.67Y
1943-02-25,0.00Y
1943-02-26,0.00Y
1943-02-27,0.00Y
1943-02-28,0.00Y
1943-02-29,-9999.99M
1943-02-30,-9999.99M
1943-02-31,-9999.99M
1943-03-01,0.00Y
1943-03-02,0.00Y
1943-03-03,0.00Y
1943-03-04,0.00Y
1943-03-05,0.00Y
1943-03-06,0.00Y
1943-03-07,0.00Y
1943-03-08,0.00Y
1943-03-09,0.00Y
1943-03-10,0.00Y
1943-03-11,3.04Y
1943-03-12,5.36Y
1943-03-13,0.00Y
1943-03-14,0.00Y
1943-03-15,0.00Y
1943-03-16,0.00Y
1943-03-17,0.00Y
1943-03-18,0.00Y
1943-03-19,0.00Y
1943-03-20,0.00Y
1943-03-21,0.00Y
1943-03-22,0.00Y
1943-03-23,0.00Y
1943-03-24,0.00Y
1943-03-25,0.00Y
1943-03-26,0.00Y
1943-03-27,0.00Y
1943-03-28,0.00Y
1943-03-29,0.00Y
1943-03-30,0.00Y
1943-03-31,0.00Y
1943-04-01,0.00Y
1943-04-02,2.03Y
1943-04-03,0.00Y
1943-04-04,0.00Y
1943-04-05,0.00Y
1943-04-06,0.00Y
1943-04-07,0.00Y
1943-04-08,0.00Y
1943-04-09,0.00Y
1943-04-10,0.00Y
1943-04-11,0.00Y
1943-04-12,0.00Y
1943-04-13,0.00Y
1943-04-14,4.55Y
1943-04-15,0.00Y
1943-04-16,0.00Y
1943-04-17,0.00Y
1943-04-18,0.00Y
1943-04-19,0.00Y
1943-04-20,0.00Y
1943-04-21,0.00Y
1943-04-22,0.00Y
1943-04-23,0.00Y
1943-04-24,0.00Y
1943-04-25,3.24Y
1943-04-26,0.00Y
1943-04-27,0.00Y
1943-04-28,0.00Y
1943-04-29,0.00Y
1943-04-30,0.00Y
1943-04-31,-9999.99M
1943-05-01,1.73Y
1943-05-02,0.00Y
1943-05-03,1.02Y
1943-05-04,0.00Y
1943-05-05,6.87Y
1943-05-06,6.06Y
1943-05-07,2.73Y
1943-05-08,0.00Y
1943-05-09,0.00Y
1943-05-10,0.00Y
1943-05-11,0.00Y
1943-05-12,9.19Y
1943-05-13,0.00Y
1943-05-14,0.00Y
1943-05-15,0.00Y
1943-05-16,5.36Y
1943-05-17,0.00Y
1943-05-18,0.00Y
1943-05-19,0.00Y
1943-05-20,0.72Y
1943-05-21,0.00Y
1943-05-22,0.00Y
1943-05-23,0.00Y
1943-05-24,1.02Y
1943-05-25,0.00Y
1943-05-26,4.55Y
1943-05-27,6.87Y
1943-05-28,1.02Y
1943-05-29,6.06Y
1943-05-30,1.02Y
1943-05-31,0.00Y
1943-06-01,1.02Y
1943-06-02,22.81Y
1943-06-03,1.02Y
1943-06-04,1.02Y
1943-06-05,1.02Y
1943-06-06,0.00Y
1943-06-07,0.00Y
1943-06-08,0.72Y
1943-06-09,0.00Y
1943-06-10,0.00Y
1943-06-11,0.00Y
1943-06-12,1.02Y
1943-06-13,7.88Y
1943-06-14,0.00Y
1943-06-15,3.04Y
1943-06-16,0.00Y
1943-06-17,10.00Y
1943-06-18,4.05Y
1943-06-19,1.02Y
1943-06-20,4.35Y
1943-06-21,0.00Y
1943-06-22,2.23Y
1943-06-23,0.00Y
1943-06-24,8.38Y
1943-06-25,0.00Y
1943-06-26,0.00Y
1943-06-27,3.04Y
1943-06-28,3.04Y
1943-06-29,2.03Y
1943-06-30,5.36Y
1943-06-31,-9999.99M
1943-07-01,0.72Y
1943-07-02,0.00Y
1943-07-03,0.00Y
1943-07-04,1.02Y
1943-07-05,9.39Y
1943-07-06,0.00Y
1943-07-07,0.00Y
1943-07-08,0.00Y
1943-07-09,0.00Y
1943-07-10,0.00Y
1943-07-11,10.50Y
1943-07-12,0.00Y
1943-07-13,0.00Y
1943-07-14,0.72Y
1943-07-15,0.72Y
1943-07-16,0.51Y
1943-07-17,1.02Y
1943-07-18,3.24Y
1943-07-19,0.00Y
1943-07-20,2.73Y
1943-07-21,0.72Y
1943-07-22,53.98Y
1943-07-23,0.00Y
1943-07-24,0.72Y
1943-07-25,0.00Y
1943-07-26,0.00Y
1943-07-27,1.52Y
1943-07-28,0.00Y
1943-07-29,0.00Y
1943-07-30,5.86Y
1943-07-31,0.00Y
1943-08-01,0.00Y
1943-08-02,12.22Y
1943-08-03,0.00Y
1943-08-04,0.00Y
1943-08-05,0.00Y
1943-08-06,7.88Y
1943-08-07,16.86Y
1943-08-08,6.37Y
1943-08-09,7.37Y
1943-08-10,0.00Y
1943-08-11,0.00Y
1943-08-12,0.00Y
1943-08-13,4.55Y
1943-08-14,20.19Y
1943-08-15,8.38Y
1943-08-16,2.73Y
1943-08-17,27.65Y
1943-08-18,0.00Y
1943-08-19,0.00Y
1943-08-20,0.00Y
1943-08-21,0.00Y
1943-08-22,0.00Y
1943-08-23,7.88Y
1943-08-24,8.89Y
1943-08-25,4.05Y
1943-08-26,6.37Y
1943-08-27,0.00Y
1943-08-28,0.00Y
1943-08-29,0.00Y
1943-08-30,7.17Y
1943-08-31,0.72Y
1943-09-01,2.03Y
1943-09-02,0.00Y
1943-09-03,0.00Y
1943-09-04,0.00Y
1943-09-05,2.23Y
1943-09-06,0.00Y
1943-09-07,0.51Y
1943-09-08,3.84Y
1943-09-09,0.72Y
1943-09-10,0.00Y
1943-09-11,0.00Y
1943-09-12,0.00Y
1943-09-13,0.00Y
1943-09-14,0.00Y
1943-09-15,8.18Y
1943-09-16,8.18Y
1943-09-17,0.00Y
1943-09-18,0.00Y
1943-09-19,0.00Y
1943-09-20,0.00Y
1943-09-21,0.00C
1943-09-22,20.69A
1943-09-23,3.54Y
1943-09-24,0.00Y
1943-09-25,1.52Y
1943-09-26,0.00Y
1943-09-27,0.00Y
1943-09-28,0.00Y
1943-09-29,0.00Y
1943-09-30,0.00Y
1943-09-31,-9999.99M
1943-10-01,14.54Y
1943-10-02,17.87Y
1943-10-03,0.00Y
1943-10-04,0.00Y
1943-10-05,0.00Y
1943-10-06,0.72Y
1943-10-07,0.00Y
1943-10-08,0.00Y
1943-10-09,0.00Y
1943-10-10,0.00Y
1943-10-11,0.00Y
1943-10-12,0.00Y
1943-10-13,0.00Y
1943-10-14,1.02Y
1943-10-15,0.00Y
1943-10-16,16.86Y
1943-10-17,25.53Y
1943-10-18,14.03Y
1943-10-19,22.51Y
1943-10-20,3.04Y
1943-10-21,11.71Y
1943-10-22,7.37Y
1943-10-23,0.72Y
1943-10-24,0.00Y
1943-10-25,0.00Y
1943-10-26,0.00C
1943-10-27,9.19A
1943-10-28,13.02Y
1943-10-29,1.52Y
1943-10-30,0.00Y
1943-10-31,0.00Y
1943-11-01,0.00Y
1943-11-02,8.89Y
1943-11-03,0.00Y
1943-11-04,5.36Y
1943-11-05,0.00Y
1943-11-06,12.72Y
1943-11-07,3.24Y
1943-11-08,13.53Y
1943-11-09,14.54Y
1943-11-10,0.00Y
1943-11-11,1.73Y
1943-11-12,5.86Y
1943-11-13,0.00Y
1943-11-14,0.00Y
1943-11-15,0.00Y
1943-11-16,0.00Y
1943-11-17,0.00Y
1943-11-18,0.00Y
1943-11-19,0.00Y
1943-11-20,0.00Y
1943-11-21,0.00Y
1943-11-22,0.00Y
1943-11-23,0.00Y
1943-11-24,0.00Y
1943-11-25,0.00Y
1943-11-26,0.00Y
1943-11-27,0.00Y
1943-11-28,3.84Y
1943-11-29,0.00Y
1943-11-30,0.00Y
1943-11-31,-9999.99M
1943-12-01,0.00Y
1943-12-02,0.00Y
1943-12-03,0.00Y
1943-12-04,0.00Y
1943-12-05,0.00Y
1943-12-06,0.00Y
1943-12-07,0.00Y
1943-12-08,0.00Y
1943-12-09,0.00Y
1943-12-10,0.00Y
1943-12-11,0.00Y
1943-12-12,0.00Y
1943-12-13,0.00Y
1943-12-14,0.00Y
1943-12-15,0.00Y
1943-12-16,0.00Y
1943-12-17,0.00Y
1943-12-18,0.00Y
1943-12-19,0.00Y
1943-12-20,0.00Y
1943-12-21,0.00Y
1943-12-22,0.00Y
1943-12-23,0.00Y
1943-12-24,0.00Y
1943-12-25,0.00Y
1943-12-26,0.00Y
1943-12-27,0.00Y
1943-12-28,0.00Y
1943-12-29,0.00Y
1943-12-30,0.00Y
1943-12-31,0.00Y
1944-01-01,0.00Y
1944-01-02,0.00Y
1944-01-03,0.00Y
1944-01-04,0.00Y
1944-01-05,0.00Y
1944-01-06,0.00Y
1944-01-07,0.00Y
1944-01-08,0.00Y
1944-01-09,0.00Y
1944-01-10,0.00Y
1944-01-11,0.00Y
1944-01-12,0.00Y
1944-01-13,0.00Y
1944-01-14,0.00Y
1944-01-15,0.00Y
1944-01-16,0.00Y
1944-01-17,0.00Y
1944-01-18,0.00Y
1944-01-19,0.00Y
1944-01-20,0.00Y
1944-01-21,0.00Y
1944-01-22,0.00Y
1944-01-23,0.00Y
1944-01-24,0.00Y
1944-01-25,0.00Y
1944-01-26,0.00Y
1944-01-27,0.00Y
1944-01-28,0.00Y
1944-01-29,0.00Y
1944-01-30,0.00Y
1944-01-31,0.00Y
1944-02-01,0.00Y
1944-02-02,0.00Y
1944-02-03,0.00Y
1944-02-04,0.00Y
1944-02-05,0.00Y
1944-02-06,0.00Y
1944-02-07,0.00Y
1944-02-08,0.00Y
1944-02-09,0.00Y
1944-02-10,0.00Y
1944-02-11,0.00Y
1944-02-12,0.00Y
1944-02-13,0.00Y
1944-02-14,0.00Y
1944-02-15,0.00Y
1944-02-16,0.00Y
1944-02-17,0.00Y
1944-02-18,0.00Y
1944-02-19,0.00Y
1944-02-20,0.00Y
1944-02-21,0.00Y
1944-02-22,0.00Y
1944-02-23,0.00Y
1944-02-24,0.00Y
1944-02-25,0.00Y
1944-02-26,0.00Y
1944-02-27,0.00Y
1944-02-28,3.04Y
1944-02-29,0.00Y
1944-02-30,-9999.99M
1944-02-31,-9999.99M
1944-03-01,0.00Y
1944-03-02,0.00Y
1944-03-03,0.00Y
1944-03-04,0.00Y
1944-03-05,0.00Y
1944-03-06,0.00Y
1944-03-07,0.00Y
1944-03-08,0.00Y
1944-03-09,0.00Y
1944-03-10,0.00Y
1944-03-11,0.00Y
1944-03-12,0.00Y
1944-03-13,1.22Y
1944-03-14,0.00Y
1944-03-15,0.00Y
1944-03-16,0.00Y
1944-03-17,1.52Y
1944-03-18,0.00Y
1944-03-19,0.00Y
1944-03-20,0.00Y
1944-03-21,0.00Y
1944-03-22,0.00Y
1944-03-23,0.00Y
1944-03-24,0.00Y
1944-03-25,1.52Y
1944-03-26,0.00Y
1944-03-27,0.00Y
1944-03-28,0.00Y
1944-03-29,0.00Y
1944-03-30,0.00Y
1944-03-31,0.00Y
1944-04-01,0.00Y
1944-04-02,0.00Y
1944-04-03,0.00Y
1944-04-04,0.00Y
1944-04-05,0.00Y
1944-04-06,0.00Y
1944-04-07,0.00Y
1944-04-08,0.00Y
1944-04-09,4.05Y
1944-04-10,0.00Y
1944-04-11,0.00Y
1944-04-12,0.00Y
1944-04-13,0.00Y
1944-04-14,0.00Y
1944-04-15,0.00Y
1944-04-16,0.00Y
1944-04-17,0.00Y
1944-04-18,0.00Y
1944-04-19,0.00Y
1944-04-20,0.00Y
1944-04-21,0.00Y
1944-04-22,0.00Y
1944-04-23,0.00Y
1944-04-24,1.52Y
1944-04-25,5.86Y
1944-04-26,1.02Y
1944-04-27,0.00Y
1944-04-28,0.00Y
1944-04-29,0.00Y
1944-04-30,1.22Y
1944-04-31,-9999.99M
1944-05-01,0.00Y
1944-05-02,0.00Y
1944-05-03,0.00Y
1944-05-04,0.00Y
1944-05-05,0.00Y
1944-05-06,0.00Y
1944-05-07,0.00Y
1944-05-08,1.22Y
1944-05-09,0.00Y
1944-05-10,13.83Y
1944-05-11,0.00Y
1944-05-12,0.00Y
1944-05-13,14.03Y
1944-05-14,0.72Y
1944-05-15,0.00Y
1944-05-16,1.22Y
1944-05-17,2.53Y
1944-05-18,0.00Y
1944-05-19,0.00Y
1944-05-20,0.00Y
1944-05-21,0.00Y
1944-05-22,0.00Y
1944-05-23,0.00Y
1944-05-24,0.00Y
1944-05-25,0.00Y
1944-05-26,0.00Y
1944-05-27,0.00Y
1944-05-28,0.00Y
1944-05-29,0.00Y
1944-05-30,2.53Y
1944-05-31,0.00Y
1944-06-01,0.00C
1944-06-02,12.22A
1944-06-03,11.21Y
1944-06-04,0.72Y
1944-06-05,4.55Y
1944-06-06,1.02Y
1944-06-07,0.00Y
1944-06-08,0.00Y
1944-06-09,0.00Y
1944-06-10,0.00Y
1944-06-11,0.72Y
1944-06-12,31.99Y
1944-06-13,0.51Y
1944-06-14,0.00Y
1944-06-15,1.02Y
1944-06-16,0.72Y
1944-06-17,8.89Y
1944-06-18,14.54Y
1944-06-19,0.00Y
1944-06-20,1.02Y
1944-06-21,7.17Y
1944-06-22,3.24Y
1944-06-23,0.00Y
1944-06-24,0.00Y
1944-06-25,16.86Y
1944-06-26,11.71Y
1944-06-27,0.00Y
1944-06-28,0.00Y
1944-06-29,0.00Y
1944-06-30,0.00Y
1944-06-31,-9999.99M
1944-07-01,0.00Y
1944-07-02,0.00Y
1944-07-03,0.00Y
1944-07-04,0.00Y
1944-07-05,3.54Y
1944-07-06,0.00Y
1944-07-07,0.00Y
1944-07-08,0.00Y
1944-07-09,6.67Y
1944-07-10,0.00Y
1944-07-11,0.00Y
1944-07-12,20.69Y
1944-07-13,0.00Y
1944-07-14,0.00Y
1944-07-15,0.51Y
1944-07-16,0.00Y
1944-07-17,0.00Y
1944-07-18,0.00Y
1944-07-19,0.00Y
1944-07-20,0.00Y
1944-07-21,4.35Y
1944-07-22,3.24Y
1944-07-23,0.00Y
1944-07-24,0.00Y
1944-07-25,9.19Y
1944-07-26,1.02Y
1944-07-27,0.72Y
1944-07-28,4.35Y
1944-07-29,0.72Y
1944-07-30,1.22Y
1944-07-31,4.55Y
1944-08-01,0.00Y
1944-08-02,0.51Y
1944-08-03,14.03Y
1944-08-04,0.00Y
1944-08-05,0.00Y
1944-08-06,0.00Y
1944-08-07,0.00Y
1944-08-08,1.02Y
1944-08-09,0.00Y
1944-08-10,2.73Y
1944-08-11,6.67Y
1944-08-12,17.66Y
1944-08-13,0.00Y
1944-08-14,0.00Y
1944-08-15,0.00Y
1944-08-16,7.17Y
1944-08-17,12.01Y
1944-08-18,8.69Y
1944-08-19,0.00Y
1944-08-20,1.02Y
1944-08-21,0.00Y
1944-08-22,0.00Y
1944-08-23,2.03Y
1944-08-24,0.00Y
1944-08-25,17.87Y
1944-08-26,0.00Y
1944-08-27,0.00Y
1944-08-28,0.00Y
1944-08-29,11.71Y
1944-08-30,3.04Y
1944-08-31,0.00Y
1944-09-01,1.22Y
1944-09-02,17.87Y
1944-09-03,0.00Y
1944-09-04,13.02Y
1944-09-05,8.18Y
1944-09-06,0.00Y
1944-09-07,3.84Y
1944-09-08,2.73Y
1944-09-09,0.00Y
1944-09-10,0.00Y
1944-09-11,0.00Y
1944-09-12,0.00Y
1944-09-13,11.01Y
1944-09-14,2.73Y
1944-09-15,23.01Y
1944-09-16,0.00Y
1944-09-17,0.00Y
1944-09-18,0.00Y
1944-09-19,0.00Y
1944-09-20,0.00Y
1944-09-21,2.23Y
1944-09-22,0.72Y
1944-09-23,0.00Y
1944-09-24,0.00Y
1944-09-25,0.00Y
1944-09-26,0.00Y
1944-09-27,0.00Y
1944-09-28,41.98Y
1944-09-29,6.06Y
1944-09-30,0.00Y
1944-09-31,-9999.99M
1944-10-01,0.00Y
1944-10-02,0.00Y
1944-10-03,0.00Y
1944-10-04,0.00Y
1944-10-05,0.00Y
1944-10-06,9.39Y
1944-10-07,17.16Y
1944-10-08,27.65Y
1944-10-09,20.99Y
1944-10-10,1.02Y
1944-10-11,0.00Y
1944-10-12,0.00Y
1944-10-13,0.00Y
1944-10-14,42.48Y
1944-10-15,0.00Y
1944-10-16,0.00Y
1944-10-17,0.00Y
1944-10-18,2.03Y
1944-10-19,0.72Y
1944-10-20,0.00Y
1944-10-21,25.84Y
1944-10-22,0.00Y
1944-10-23,1.02Y
1944-10-24,1.02Y
1944-10-25,12.52Y
1944-10-26,1.52Y
1944-10-27,0.00Y
1944-10-28,1.02Y
1944-10-29,5.36Y
1944-10-30,0.00Y
1944-10-31,0.00Y
1944-11-01,0.72Y
1944-11-02,0.00Y
1944-11-03,0.00Y
1944-11-04,0.00Y
1944-11-05,3.24Y
1944-11-06,0.00Y
1944-11-07,0.00Y
1944-11-08,0.00Y
1944-11-09,0.00Y
1944-11-10,10.20Y
1944-11-11,10.00Y
1944-11-12,0.00Y
1944-11-13,0.00Y
1944-11-14,0.00Y
1944-11-15,2.53Y
1944-11-16,4.05Y
1944-11-17,0.00Y
1944-11-18,0.00Y
1944-11-19,0.00Y
1944-11-20,0.00Y
1944-11-21,5.86Y
1944-11-22,1.02Y
1944-11-23,0.00Y
1944-11-24,0.00Y
1944-11-25,1.52Y
1944-11-26,0.00Y
1944-11-27,0.00Y
1944-11-28,0.00Y
1944-11-29,0.00Y
1944-11-30,2.73Y
1944-11-31,-9999.99M
1944-12-01,0.00Y
1944-12-02,0.00Y
1944-12-03,0.00Y
1944-12-04,0.00Y
1944-12-05,0.00Y
1944-12-06,0.00Y
1944-12-07,0.00Y
1944-12-08,0.00Y
1944-12-09,12.01Y
1944-12-10,0.00Y
1944-12-11,0.00Y
1944-12-12,0.00Y
1944-12-13,0.00Y
1944-12-14,0.00Y
1944-12-15,0.00Y
1944-12-16,0.00Y
1944-12-17,0.00Y
1944-12-18,0.00Y
1944-12-19,0.00Y
1944-12-20,0.00Y
1944-12-21,0.00Y
1944-12-22,0.00Y
1944-12-23,0.00Y
1944-12-24,0.00Y
1944-12-25,0.00Y
1944-12-26,0.00Y
1944-12-27,0.00Y
1944-12-28,0.00Y
1944-12-29,0.00Y
1944-12-30,0.00Y
1944-12-31,0.00Y
1945-01-01,9.19Y
1945-01-02,0.00Y
1945-01-03,0.00Y
1945-01-04,0.00Y
1945-01-05,0.00Y
1945-01-06,0.00Y
1945-01-07,0.00Y
1945-01-08,0.00Y
1945-01-09,0.00Y
1945-01-10,0.00Y
1945-01-11,0.00Y
1945-01-12,0.00Y
1945-01-13,0.00Y
1945-01-14,0.00Y
1945-01-15,0.00Y
1945-01-16,0.00Y
1945-01-17,0.00Y
1945-01-18,0.00Y
1945-01-19,0.00Y
1945-01-20,0.00Y
1945-01-21,0.00Y
1945-01-22,0.00Y
1945-01-23,0.00Y
1945-01-24,0.00Y
1945-01-25,0.00Y
1945-01-26,0.00Y
1945-01-27,0.00Y
1945-01-28,0.00Y
1945-01-29,0.00Y
1945-01-30,0.00Y
1945-01-31,0.00Y
1945-02-01,0.00Y
1945-02-02,0.00Y
1945-02-03,0.00Y
1945-02-04,0.00Y
1945-02-05,0.00Y
1945-02-06,0.00Y
1945-02-07,0.00Y
1945-02-08,0.00Y
1945-02-09,0.00Y
1945-02-10,0.00Y
1945-02-11,0.00Y
1945-02-12,0.00Y
1945-02-13,0.00Y
1945-02-14,0.00Y
1945-02-15,0.00Y
1945-02-16,0.00Y
1945-02-17,0.00Y
1945-02-18,0.00Y
1945-02-19,0.00Y
1945-02-20,0.00Y
1945-02-21,0.00Y
1945-02-22,0.00Y
1945-02-23,3.24Y
1945-02-24,0.00Y
1945-02-25,0.00Y
1945-02-26,0.00Y
1945-02-27,0.00Y
1945-02-28,0.00Y
1945-02-29,-9999.99M
1945-02-30,-9999.99M
1945-02-31,-9999.99M
1945-03-01,0.00Y
1945-03-02,0.00Y
1945-03-03,4.05Y
1945-03-04,0.00Y
1945-03-05,0.00Y
1945-03-06,0.00Y
1945-03-07,0.00Y
1945-03-08,0.00Y
1945-03-09,0.00Y
1945-03-10,0.00Y
1945-03-11,0.00Y
1945-03-12,0.00Y
1945-03-13,0.00Y
1945-03-14,0.00Y
1945-03-15,0.00Y
1945-03-16,0.00Y
1945-03-17,3.24Y
1945-03-18,0.00Y
1945-03-19,0.00Y
1945-03-20,0.00Y
1945-03-21,0.00Y
1945-03-22,0.00Y
1945-03-23,1.52Y
1945-03-24,0.00Y
1945-03-25,0.00Y
1945-03-26,1.02Y
1945-03-27,0.00Y
1945-03-28,0.00Y
1945-03-29,0.00Y
1945-03-30,0.00Y
1945-03-31,33.00Y
1945-04-01,0.00Y
1945-04-02,0.00Y
1945-04-03,0.00Y
1945-04-04,0.00Y
1945-04-05,8.18Y
1945-04-06,0.00Y
1945-04-07,0.15T
1945-04-08,0.00Y
1945-04-09,0.00Y
1945-04-10,0.00Y
1945-04-11,0.00Y
1945-04-12,0.00Y
1945-04-13,8.69Y
1945-04-14,0.00Y
1945-04-15,0.00Y
1945-04-16,2.53Y
1945-04-17,4.35Y
1945-04-18,0.00Y
1945-04-19,0.00Y
1945-04-20,3.54Y
1945-04-21,0.00Y
1945-04-22,0.00Y
1945-04-23,0.00Y
1945-04-24,1.73Y
1945-04-25,4.35Y
1945-04-26,6.06Y
1945-04-27,4.85Y
1945-04-28,6.87Y
1945-04-29,0.00Y
1945-04-30,0.00Y
1945-04-31,-9999.99M
1945-05-01,0.00Y
1945-05-02,0.00Y
1945-05-03,0.00Y
1945-05-04,8.69Y
1945-05-05,1.73Y
1945-05-06,11.01Y
1945-05-07,1.22Y
1945-05-08,0.00Y
1945-05-09,0.00Y
1945-05-10,0.00Y
1945-05-11,10.20Y
1945-05-12,0.00Y
1945-05-13,0.00Y
1945-05-14,3.84Y
1945-05-15,1.02Y
1945-05-16,0.00Y
1945-05-17,8.18Y
1945-05-18,35.62Y
1945-05-19,0.00Y
1945-05-20,0.00Y
1945-05-21,0.00Y
1945-05-22,1.02Y
1945-05-23,4.05Y
1945-05-24,0.72Y
1945-05-25,4.05Y
1945-05-26,0.00Y
1945-05-27,0.00Y
1945-05-28,1.22Y
1945-05-29,3.04Y
1945-05-30,5.56Y
1945-05-31,5.86Y
1945-06-01,1.02Y
1945-06-02,0.00Y
1945-06-03,1.22Y
1945-06-04,3.84Y
1945-06-05,1.22Y
1945-06-06,0.00Y
1945-06-07,0.00Y
1945-06-08,0.00Y
1945-06-09,0.00Y
1945-06-10,0.00Y
1945-06-11,8.38Y
1945-06-12,3.04Y
1945-06-13,0.00Y
1945-06-14,0.00Y
1945-06-15,0.00Y
1945-06-16,0.72Y
1945-06-17,12.72Y
1945-06-18,9.39Y
1945-06-19,0.72Y
1945-06-20,2.23Y
1945-06-21,6.87Y
1945-06-22,2.23Y
1945-06-23,5.86Y
1945-06-24,0.00Y
1945-06-25,1.73Y
1945-06-26,0.00Y
1945-06-27,2.53Y
1945-06-28,9.69Y
1945-06-29,0.00Y
1945-06-30,0.00Y
1945-06-31,-9999.99M
1945-07-01,0.00Y
1945-07-02,0.00Y
1945-07-03,0.00Y
1945-07-04,0.00Y
1945-07-05,0.00Y
1945-07-06,1.22Y
1945-07-07,0.00Y
1945-07-08,0.72Y
1945-07-09,0.00Y
1945-07-10,10.00Y
1945-07-11,0.00Y
1945-07-12,0.00Y
1945-07-13,4.35Y
1945-07-14,13.02Y
1945-07-15,35.02Y
1945-07-16,0.00Y
1945-07-17,0.00Y
1945-07-18,0.00Y
1945-07-19,0.00Y
1945-07-20,3.04Y
1945-07-21,0.00Y
1945-07-22,0.00Y
1945-07-23,0.00Y
1945-07-24,0.00Y
1945-07-25,16.86Y
1945-07-26,0.00Y
1945-07-27,0.00Y
1945-07-28,0.00Y
1945-07-29,0.00Y
1945-07-30,0.00Y
1945-07-31,0.00Y
1945-08-01,0.00Y
1945-08-02,0.72Y
1945-08-03,1.22Y
1945-08-04,1.22Y
1945-08-05,0.00Y
1945-08-06,0.72Y
1945-08-07,0.00Y
1945-08-08,0.72Y
1945-08-09,0.00Y
1945-08-10,0.00Y
1945-08-11,0.00Y
1945-08-12,0.00Y
1945-08-13,0.00Y
1945-08-14,0.00Y
1945-08-15,0.00Y
1945-08-16,0.00Y
1945-08-17,0.72Y
1945-08-18,0.00Y
1945-08-19,0.00Y
1945-08-20,0.00Y
1945-08-21,0.00Y
1945-08-22,0.00Y
1945-08-23,0.00Y
1945-08-24,0.00Y
1945-08-25,0.00Y
1945-08-26,7.88Y
1945-08-27,1.52Y
1945-08-28,2.23Y
1945-08-29,0.00Y
1945-08-30,0.72Y
1945-08-31,0.00Y
1945-09-01,23.82Y
1945-09-02,3.54Y
1945-09-03,0.00Y
1945-09-04,0.00Y
1945-09-05,0.00Y
1945-09-06,1.02Y
1945-09-07,0.00Y
1945-09-08,0.00Y
1945-09-09,0.51Y
1945-09-10,2.53Y
1945-09-11,9.69Y
1945-09-12,0.00Y
1945-09-13,0.00Y
1945-09-14,2.53Y
1945-09-15,12.52Y
1945-09-16,0.00Y
1945-09-17,0.00Y
1945-09-18,29.67Y
1945-09-19,16.86Y
1945-09-20,1.22Y
1945-09-21,0.00Y
1945-09-22,0.00Y
1945-09-23,0.00Y
1945-09-24,2.73Y
1945-09-25,26.64Y
1945-09-26,1.73Y
1945-09-27,0.00Y
1945-09-28,5.36Y
1945-09-29,5.86Y
1945-09-30,0.00Y
1945-09-31,-9999.99M
1945-10-01,12.22Y
1945-10-02,4.55Y
1945-10-03,4.05Y
1945-10-04,0.00Y
1945-10-05,0.00Y
1945-10-06,0.00Y
1945-10-07,3.54Y
1945-10-08,16.86Y
1945-10-09,0.72Y
1945-10-10,0.00Y
1945-10-11,0.00Y
1945-10-12,0.00Y
1945-10-13,4.55Y
1945-10-14,0.00Y
1945-10-15,0.00Y
1945-10-16,1.02Y
1945-10-17,0.00Y
1945-10-18,0.00Y
1945-10-19,0.51Y
1945-10-20,0.00Y
1945-10-21,0.00Y
1945-10-22,0.51Y
1945-10-23,0.00Y
1945-10-24,0.00Y
1945-10-25,5.36Y
1945-10-26,16.86Y
1945-10-27,1.02Y
1945-10-28,0.00Y
1945-10-29,2.53Y
1945-10-30,0.00Y
1945-10-31,7.68Y
1945-11-01,0.00Y
1945-11-02,10.70Y
1945-11-03,13.53Y
1945-11-04,0.00Y
1945-11-05,0.00Y
1945-11-06,0.00Y
1945-11-07,4.05Y
1945-11-08,6.87Y
1945-11-09,0.51Y
1945-11-10,0.00Y
1945-11-11,0.00Y
1945-11-12,0.00Y
1945-11-13,3.84Y
1945-11-14,0.00Y
1945-11-15,0.00Y
1945-11-16,0.00Y
1945-11-17,0.00Y
1945-11-18,0.00Y
1945-11-19,0.00Y
1945-11-20,0.00Y
1945-11-21,0.00Y
1945-11-22,9.19Y
1945-11-23,0.00Y
1945-11-24,0.00Y
1945-11-25,0.00Y
1945-11-26,0.00Y
1945-11-27,0.00Y
1945-11-28,0.00Y
1945-11-29,0.00Y
1945-11-30,0.00Y
1945-11-31,-9999.99M
1945-12-01,0.00Y
1945-12-02,0.00Y
1945-12-03,0.00Y
1945-12-04,0.00Y
1945-12-05,0.00Y
1945-12-06,0.00Y
1945-12-07,9.19Y
1945-12-08,0.72Y
1945-12-09,0.00Y
1945-12-10,0.00Y
1945-12-11,0.00Y
1945-12-12,0.00Y
1945-12-13,0.00Y
1945-12-14,0.00Y
1945-12-15,0.00Y
1945-12-16,0.00Y
1945-12-17,0.00Y
1945-12-18,0.00Y
1945-12-19,0.00Y
1945-12-20,0.00Y
1945-12-21,0.00Y
1945-12-22,0.00Y
1945-12-23,0.00Y
1945-12-24,0.00Y
1945-12-25,0.00Y
1945-12-26,1.52Y
1945-12-27,0.00Y
1945-12-28,0.00Y
1945-12-29,0.00Y
1945-12-30,0.00Y
1945-12-31,0.00Y
1946-01-01,0.00Y
1946-01-02,0.00Y
1946-01-03,0.00Y
1946-01-04,0.00Y
1946-01-05,1.02Y
1946-01-06,0.00Y
1946-01-07,0.00Y
1946-01-08,0.00Y
1946-01-09,0.00Y
1946-01-10,0.00Y
1946-01-11,0.00Y
1946-01-12,0.00Y
1946-01-13,0.00Y
1946-01-14,0.00Y
1946-01-15,0.00Y
1946-01-16,0.00Y
1946-01-17,0.00Y
1946-01-18,0.00Y
1946-01-19,0.00Y
1946-01-20,0.00Y
1946-01-21,0.00Y
1946-01-22,0.00Y
1946-01-23,0.00Y
1946-01-24,0.00Y
1946-01-25,0.00Y
1946-01-26,0.00Y
1946-01-27,0.00Y
1946-01-28,0.00Y
1946-01-29,0.00Y
1946-01-30,0.00Y
1946-01-31,0.00Y
1946-02-01,0.00Y
1946-02-02,0.00Y
1946-02-03,0.00Y
1946-02-04,0.00Y
1946-02-05,0.00Y
1946-02-06,0.00Y
1946-02-07,0.00Y
1946-02-08,0.00Y
1946-02-09,0.00Y
1946-02-10,0.00Y
1946-02-11,0.00Y
1946-02-12,0.00Y
1946-02-13,0.00Y
1946-02-14,0.72Y
1946-02-15,0.00Y
1946-02-16,0.00Y
1946-02-17,0.00Y
1946-02-18,0.00Y
1946-02-19,0.00Y
1946-02-20,0.00Y
1946-02-21,0.00Y
1946-02-22,0.00Y
1946-02-23,0.00Y
1946-02-24,0.00Y
1946-02-25,0.00Y
1946-02-26,0.00Y
1946-02-27,0.00Y
1946-02-28,0.00Y
1946-02-29,-9999.99M
1946-02-30,-9999.99M
1946-02-31,-9999.99M
1946-03-01,0.00Y
1946-03-02,0.00Y
1946-03-03,5.36Y
1946-03-04,0.00Y
1946-03-05,0.00Y
1946-03-06,0.72Y
1946-03-07,0.00Y
1946-03-08,0.00Y
1946-03-09,0.00Y
1946-03-10,0.00Y
1946-03-11,0.00Y
1946-03-12,0.00Y
1946-03-13,1.52Y
1946-03-14,0.00Y
1946-03-15,0.00Y
1946-03-16,0.00Y
1946-03-17,0.00Y
1946-03-18,0.00Y
1946-03-19,0.00Y
1946-03-20,0.00Y
1946-03-21,0.00Y
1946-03-22,2.03Y
1946-03-23,0.00Y
1946-03-24,0.00Y
1946-03-25,0.00Y
1946-03-26,6.67Y
1946-03-27,0.51Y
1946-03-28,0.00Y
1946-03-29,0.72Y
1946-03-30,0.00Y
1946-03-31,0.00Y
1946-04-01,0.00Y
1946-04-02,0.00Y
1946-04-03,0.00Y
1946-04-04,0.00Y
1946-04-05,0.00Y
1946-04-06,0.72Y
1946-04-07,0.00Y
1946-04-08,0.00Y
1946-04-09,0.00Y
1946-04-10,0.00Y
1946-04-11,0.00Y
1946-04-12,0.00Y
1946-04-13,0.00Y
1946-04-14,0.00Y
1946-04-15,4.05Y
1946-04-16,0.72Y
1946-04-17,0.00Y
1946-04-18,1.02Y
1946-04-19,0.00Y
1946-04-20,0.00Y
1946-04-21,0.00Y
1946-04-22,0.00Y
1946-04-23,0.00Y
1946-04-24,0.72Y
1946-04-25,0.00Y
1946-04-26,16.05Y
1946-04-27,0.00Y
1946-04-28,0.00Y
1946-04-29,0.00Y
1946-04-30,0.00Y
1946-04-31,-9999.99M
1946-05-01,0.00Y
1946-05-02,0.00Y
1946-05-03,0.00Y
1946-05-04,0.00Y
1946-05-05,15.55Y
1946-05-06,9.19Y
1946-05-07,0.00Y
1946-05-08,3.04Y
1946-05-09,0.00Y
1946-05-10,0.00Y
1946-05-11,5.56Y
1946-05-12,17.16Y
1946-05-13,4.85Y
1946-05-14,0.00Y
1946-05-15,0.00Y
1946-05-16,19.68Y
1946-05-17,2.03Y
1946-05-18,0.00Y
1946-05-19,9.39Y
1946-05-20,0.00Y
1946-05-21,5.56Y
1946-05-22,1.73Y
1946-05-23,0.00Y
1946-05-24,0.00Y
1946-05-25,0.00Y
1946-05-26,0.00Y
1946-05-27,0.00Y
1946-05-28,0.00Y
1946-05-29,0.00Y
1946-05-30,8.38Y
1946-05-31,0.00Y
1946-06-01,0.00Y
1946-06-02,0.00Y
1946-06-03,0.00Y
1946-06-04,1.52Y
1946-06-05,2.73Y
1946-06-06,2.53Y
1946-06-07,0.51Y
1946-06-08,3.54Y
1946-06-09,1.02Y
1946-06-10,0.00Y
1946-06-11,6.67Y
1946-06-12,2.23Y
1946-06-13,0.00Y
1946-06-14,0.00Y
1946-06-15,0.00Y
1946-06-16,1.22Y
1946-06-17,5.56Y
1946-06-18,0.00Y
1946-06-19,0.00Y
1946-06-20,0.00Y
1946-06-21,0.00Y
1946-06-22,0.00Y
1946-06-23,0.00Y
1946-06-24,14.03Y
1946-06-25,0.00Y
1946-06-26,0.00Y
1946-06-27,0.00Y
1946-06-28,0.51Y
1946-06-29,0.00Y
1946-06-30,0.00Y
1946-06-31,-9999.99M
1946-07-01,0.00Y
1946-07-02,0.00Y
1946-07-03,0.00Y
1946-07-04,0.00Y
1946-07-05,1.22Y
1946-07-06,11.51Y
1946-07-07,13.33Y
1946-07-08,0.51Y
1946-07-09,1.02Y
1946-07-10,0.00Y
1946-07-11,0.00Y
1946-07-12,2.23Y
1946-07-13,0.00Y
1946-07-14,16.66Y
1946-07-15,0.00Y
1946-07-16,0.00Y
1946-07-17,0.00Y
1946-07-18,0.00Y
1946-07-19,50.95Y
1946-07-20,5.36Y
1946-07-21,1.52Y
1946-07-22,0.00Y
1946-07-23,38.65Y
1946-07-24,2.03Y
1946-07-25,0.00Y
1946-07-26,0.00Y
1946-07-27,0.00Y
1946-07-28,0.00Y
1946-07-29,0.00Y
1946-07-30,0.00Y
1946-07-31,0.00Y
1946-08-01,0.00Y
1946-08-02,0.00Y
1946-08-03,0.00Y
1946-08-04,1.73Y
1946-08-05,0.00Y
1946-08-06,0.00Y
1946-08-07,0.00Y
1946-08-08,0.00Y
1946-08-09,0.00Y
1946-08-10,2.03Y
1946-08-11,0.00Y
1946-08-12,0.00Y
1946-08-13,0.00Y
1946-08-14,0.00Y
1946-08-15,0.00Y
1946-08-16,19.48Y
1946-08-17,4.35Y
1946-08-18,0.00Y
1946-08-19,3.84Y
1946-08-20,3.04Y
1946-08-21,0.00Y
1946-08-22,0.00Y
1946-08-23,5.36Y
1946-08-24,3.24Y
1946-08-25,0.00Y
1946-08-26,0.00Y
1946-08-27,0.00Y
1946-08-28,0.00Y
1946-08-29,17.87Y
1946-08-30,0.00Y
1946-08-31,0.00Y
1946-09-01,0.00Y
1946-09-02,0.00Y
1946-09-03,0.00Y
1946-09-04,0.00Y
1946-09-05,0.00Y
1946-09-06,0.72Y
1946-09-07,0.51Y
1946-09-08,0.00Y
1946-09-09,0.00Y
1946-09-10,26.64Y
1946-09-11,1.02Y
1946-09-12,0.00Y
1946-09-13,0.00Y
1946-09-14,0.00Y
1946-09-15,0.00Y
1946-09-16,0.51Y
1946-09-17,0.00Y
1946-09-18,0.00Y
1946-09-19,0.00Y
1946-09-20,0.00Y
1946-09-21,0.00Y
1946-09-22,0.00Y
1946-09-23,0.51Y
1946-09-24,0.00Y
1946-09-25,2.73Y
1946-09-26,0.00Y
1946-09-27,0.00Y
1946-09-28,0.00Y
1946-09-29,0.00Y
1946-09-30,13.33Y
1946-09-31,-9999.99M
1946-10-01,1.02Y
1946-10-02,6.67Y
1946-10-03,0.51Y
1946-10-04,0.00Y
1946-10-05,0.00Y
1946-10-06,0.00Y
1946-10-07,7.88Y
1946-10-08,0.00Y
1946-10-09,0.00Y
1946-10-10,0.00Y
1946-10-11,0.00Y
1946-10-12,1.73Y
1946-10-13,0.00Y
1946-10-14,0.00Y
1946-10-15,0.00Y
1946-10-16,1.73Y
1946-10-17,0.00Y
1946-10-18,13.83Y
1946-10-19,0.00Y
1946-10-20,0.00Y
1946-10-21,0.00Y
1946-10-22,0.00Y
1946-10-23,0.00Y
1946-10-24,0.00Y
1946-10-25,0.00Y
1946-10-26,0.00Y
1946-10-27,0.00Y
1946-10-28,0.00Y
1946-10-29,2.73Y
1946-10-30,7.88Y
1946-10-31,1.22Y
1946-11-01,0.00Y
1946-11-02,0.00Y
1946-11-03,18.17Y
1946-11-04,1.02Y
1946-11-05,0.00Y
1946-11-06,0.00Y
1946-11-07,0.00Y
1946-11-08,1.22Y
1946-11-09,8.18Y
1946-11-10,0.72Y
1946-11-11,8.38Y
1946-11-12,12.52Y
1946-11-13,0.00Y
1946-11-14,0.00Y
1946-11-15,0.00Y
1946-11-16,0.00Y
1946-11-17,0.00Y
1946-11-18,0.00Y
1946-11-19,0.00Y
1946-11-20,0.00Y
1946-11-21,0.00Y
1946-11-22,15.55Y
1946-11-23,0.00Y
1946-11-24,0.00Y
1946-11-25,0.00Y
1946-11-26,5.36Y
1946-11-27,0.00Y
1946-11-28,0.00Y
1946-11-29,0.00Y
1946-11-30,0.00Y
1946-11-31,-9999.99M
1946-12-01,0.00Y
1946-12-02,0.00Y
1946-12-03,0.00Y
1946-12-04,0.00Y
1946-12-05,0.00Y
1946-12-06,1.52Y
1946-12-07,0.00Y
1946-12-08,0.00Y
1946-12-09,0.00Y
1946-12-10,0.00Y
1946-12-11,0.00Y
1946-12-12,1.02Y
1946-12-13,4.05Y
1946-12-14,0.00Y
1946-12-15,0.00Y
1946-12-16,0.00Y
1946-12-17,0.15T
1946-12-18,0.00Y
1946-12-19,0.00Y
1946-12-20,0.00Y
1946-12-21,0.00Y
1946-12-22,0.00Y
1946-12-23,0.00Y
1946-12-24,0.00Y
1946-12-25,0.00Y
1946-12-26,0.00Y
1946-12-27,0.00Y
1946-12-28,0.00Y
1946-12-29,0.00Y
1946-12-30,0.00Y
1946-12-31,0.00Y
1947-01-01,0.00Y
1947-01-02,0.00Y
1947-01-03,0.00Y
1947-01-04,0.00Y
1947-01-05,0.00Y
1947-01-06,0.00Y
1947-01-07,0.00Y
1947-01-08,0.00Y
1947-01-09,0.00Y
1947-01-10,0.00Y
1947-01-11,0.00Y
1947-01-12,0.00Y
1947-01-13,0.00Y
1947-01-14,0.51Y
1947-01-15,0.72Y
1947-01-16,0.00Y
1947-01-17,0.00Y
1947-01-18,0.00Y
1947-01-19,0.00Y
1947-01-20,0.00Y
1947-01-21,0.00Y
1947-01-22,0.00Y
1947-01-23,0.00Y
1947-01-24,0.00Y
1947-01-25,0.00Y
1947-01-26,0.00Y
1947-01-27,0.00Y
1947-01-28,0.00Y
1947-01-29,0.00Y
1947-01-30,0.00Y
1947-01-31,0.00Y
1947-02-01,0.00Y
1947-02-02,0.00Y
1947-02-03,0.00Y
1947-02-04,0.00Y
1947-02-05,0.00Y
1947-02-06,38.65Y
1947-02-07,0.00Y
1947-02-08,0.00Y
1947-02-09,0.00Y
1947-02-10,0.00Y
1947-02-11,0.00Y
1947-02-12,0.00Y
1947-02-13,0.00Y
1947-02-14,0.00Y
1947-02-15,0.00Y
1947-02-16,0.00Y
1947-02-17,0.00Y
1947-02-18,26.34Y
1947-02-19,0.00Y
1947-02-20,0.00Y
1947-02-21,0.00Y
1947-02-22,0.00Y
1947-02-23,0.00Y
1947-02-24,0.00Y
1947-02-25,0.00Y
1947-02-26,0.00Y
1947-02-27,0.00Y
1947-02-28,0.00Y
1947-02-29,-9999.99M
1947-02-30,-9999.99M
1947-02-31,-9999.99M
1947-03-01,0.00Y
1947-03-02,0.00Y
1947-03-03,0.00Y
1947-03-04,0.00Y
1947-03-05,1.22Y
1947-03-06,0.00Y
1947-03-07,0.00Y
1947-03-08,0.00Y
1947-03-09,0.00Y
1947-03-10,0.00Y
1947-03-11,0.00Y
1947-03-12,0.00Y
1947-03-13,0.00Y
1947-03-14,0.00Y
1947-03-15,0.00Y
1947-03-16,0.00Y
1947-03-17,0.00Y
1947-03-18,0.00Y
1947-03-19,0.00Y
1947-03-20,0.00Y
1947-03-21,0.00Y
1947-03-22,0.00Y
1947-03-23,0.00Y
1947-03-24,0.00Y
1947-03-25,6.67Y
1947-03-26,0.00Y
1947-03-27,0.00Y
1947-03-28,0.00Y
1947-03-29,0.00Y
1947-03-30,0.00Y
1947-03-31,0.00Y
1947-04-01,0.00Y
1947-04-02,0.00Y
1947-04-03,0.00Y
1947-04-04,0.00Y
1947-04-05,1.22Y
1947-04-06,9.19Y
1947-04-07,0.00Y
1947-04-08,0.00Y
1947-04-09,0.00Y
1947-04-10,0.00Y
1947-04-11,12.22Y
1947-04-12,1.02Y
1947-04-13,0.00Y
1947-04-14,0.00Y
1947-04-15,0.00Y
1947-04-16,0.00Y
1947-04-17,0.00Y
1947-04-18,0.00Y
1947-04-19,0.00Y
1947-04-20,0.00Y
1947-04-21,0.00Y
1947-04-22,0.00Y
1947-04-23,1.52Y
1947-04-24,7.17Y
1947-04-25,0.00Y
1947-04-26,0.00Y
1947-04-27,0.00Y
1947-04-28,0.00Y
1947-04-29,0.00Y
1947-04-30,0.00Y
1947-04-31,-9999.99M
1947-05-01,0.00Y
1947-05-02,0.00Y
1947-05-03,2.23Y
1947-05-04,1.02Y
1947-05-05,2.23Y
1947-05-06,13.33Y
1947-05-07,6.06Y
1947-05-08,1.02Y
1947-05-09,0.00Y
1947-05-10,0.00Y
1947-05-11,0.00Y
1947-05-12,0.72Y
1947-05-13,0.00Y
1947-05-14,0.00Y
1947-05-15,0.00Y
1947-05-16,0.15T
1947-05-17,0.00Y
1947-05-18,0.00Y
1947-05-19,0.00Y
1947-05-20,12.72Y
1947-05-21,18.17Y
1947-05-22,4.35Y
1947-05-23,0.00Y
1947-05-24,5.36Y
1947-05-25,12.72Y
1947-05-26,11.51Y
1947-05-27,0.00Y
1947-05-28,17.36Y
1947-05-29,8.38Y
1947-05-30,1.22Y
1947-05-31,0.00Y
1947-06-01,4.55Y
1947-06-02,0.00Y
1947-06-03,0.00Y
1947-06-04,0.00Y
1947-06-05,0.00C
1947-06-06,29.67A
1947-06-07,0.00Y
1947-06-08,0.00Y
1947-06-09,0.51Y
1947-06-10,0.00Y
1947-06-11,0.00Y
1947-06-12,0.00Y
1947-06-13,0.00Y
1947-06-14,31.69Y
1947-06-15,25.84Y
1947-06-16,1.52Y
1947-06-17,0.00Y
1947-06-18,7.37Y
1947-06-19,0.00Y
1947-06-20,0.00Y
1947-06-21,0.00Y
1947-06-22,0.00Y
1947-06-23,0.00Y
1947-06-24,0.00Y
1947-06-25,0.51Y
1947-06-26,0.00Y
1947-06-27,2.23Y
1947-06-28,3.54Y
1947-06-29,0.00Y
1947-06-30,0.51Y
1947-06-31,-9999.99M
1947-07-01,4.85Y
1947-07-02,6.06Y
1947-07-03,0.00Y
1947-07-04,2.73Y
1947-07-05,0.00Y
1947-07-06,0.00Y
1947-07-07,14.54Y
1947-07-08,0.00Y
1947-07-09,0.00Y
1947-07-10,0.00Y
1947-07-11,0.00Y
1947-07-12,8.38Y
1947-07-13,0.00Y
1947-07-14,0.00Y
1947-07-15,0.00Y
1947-07-16,0.00Y
1947-07-17,0.72Y
1947-07-18,0.15T
1947-07-19,0.15T
1947-07-20,0.00Y
1947-07-21,0.72Y
1947-07-22,6.06Y
1947-07-23,3.04Y
1947-07-24,0.00Y
1947-07-25,0.00Y
1947-07-26,0.72Y
1947-07-27,18.67Y
1947-07-28,52.47Y
1947-07-29,1.22Y
1947-07-30,0.00Y
1947-07-31,15.85Y
1947-08-01,0.00Y
1947-08-02,0.00Y
1947-08-03,0.72Y
1947-08-04,0.00Y
1947-08-05,0.00Y
1947-08-06,0.00Y
1947-08-07,0.00Y
1947-08-08,0.00Y
1947-08-09,0.00Y
1947-08-10,0.00Y
1947-08-11,0.00Y
1947-08-12,0.00Y
1947-08-13,0.72Y
1947-08-14,0.00Y
1947-08-15,2.23Y
1947-08-16,0.00Y
1947-08-17,0.00Y
1947-08-18,1.52Y
1947-08-19,1.52Y
1947-08-20,0.00Y
1947-08-21,0.51Y
1947-08-22,2.53Y
1947-08-23,3.24Y
1947-08-24,0.72Y
1947-08-25,1.02Y
1947-08-26,0.00Y
1947-08-27,0.00Y
1947-08-28,0.00Y
1947-08-29,0.00Y
1947-08-30,0.00Y
1947-08-31,6.06Y
1947-09-01,0.00Y
1947-09-02,0.00Y
1947-09-03,2.73Y
1947-09-04,0.00Y
1947-09-05,5.05Y
1947-09-06,0.00Y
1947-09-07,0.00Y
1947-09-08,0.00Y
1947-09-09,0.00Y
1947-09-10,0.00Y
1947-09-11,0.00Y
1947-09-12,11.71Y
1947-09-13,0.00Y
1947-09-14,11.71Y
1947-09-15,0.00Y
1947-09-16,0.00Y
1947-09-17,0.00Y
1947-09-18,0.00Y
1947-09-19,0.00Y
1947-09-20,0.00Y
1947-09-21,0.00Y
1947-09-22,9.19Y
1947-09-23,0.00Y
1947-09-24,0.00Y
1947-09-25,0.00Y
1947-09-26,0.00Y
1947-09-27,0.00Y
1947-09-28,0.00Y
1947-09-29,5.05Y
1947-09-30,6.87Y
1947-09-31,-9999.99M
1947-10-01,0.72Y
1947-10-02,0.00Y
1947-10-03,0.00Y
1947-10-04,0.00Y
1947-10-05,0.00Y
1947-10-06,0.00Y
1947-10-07,2.53Y
1947-10-08,1.02Y
1947-10-09,0.00Y
1947-10-10,0.00Y
1947-10-11,0.00Y
1947-10-12,0.00Y
1947-10-13,1.02Y
1947-10-14,0.00Y
1947-10-15,0.00Y
1947-10-16,0.00Y
1947-10-17,0.00Y
1947-10-18,1.52Y
1947-10-19,0.72Y
1947-10-20,1.73Y
1947-10-21,0.00Y
1947-10-22,0.00Y
1947-10-23,0.15T
1947-10-24,0.00Y
1947-10-25,0.00Y
1947-10-26,0.00Y
1947-10-27,0.00Y
1947-10-28,0.00Y
1947-10-29,0.00Y
1947-10-30,0.00Y
1947-10-31,0.00Y
1947-11-01,0.00Y
1947-11-02,0.00Y
1947-11-03,0.00Y
1947-11-04,0.00Y
1947-11-05,0.00Y
1947-11-06,0.00Y
1947-11-07,0.00Y
1947-11-08,0.00Y
1947-11-09,37.34Y
1947-11-10,3.04Y
1947-11-11,0.00Y
1947-11-12,1.22Y
1947-11-13,0.00Y
1947-11-14,0.51Y
1947-11-15,2.73Y
1947-11-16,17.66Y
1947-11-17,7.88Y
1947-11-18,0.51Y
1947-11-19,0.00Y
1947-11-20,0.00Y
1947-11-21,0.00Y
1947-11-22,0.00Y
1947-11-23,0.00Y
1947-11-24,5.36Y
1947-11-25,0.00Y
1947-11-26,0.00Y
1947-11-27,0.00Y
1947-11-28,0.00Y
1947-11-29,0.00Y
1947-11-30,0.00Y
1947-11-31,-9999.99M
1947-12-01,0.00Y
1947-12-02,0.00Y
1947-12-03,0.00Y
1947-12-04,0.00Y
1947-12-05,0.00Y
1947-12-06,0.00Y
1947-12-07,0.00Y
1947-12-08,0.00Y
1947-12-09,0.00Y
1947-12-10,0.00Y
1947-12-11,0.00Y
1947-12-12,0.00Y
1947-12-13,0.00Y
1947-12-14,0.00Y
1947-12-15,0.00Y
1947-12-16,0.00Y
1947-12-17,0.00Y
1947-12-18,0.00Y
1947-12-19,0.00Y
1947-12-20,0.00Y
1947-12-21,0.00Y
1947-12-22,0.00Y
1947-12-23,0.00Y
1947-12-24,0.00Y
1947-12-25,0.00Y
1947-12-26,0.00Y
1947-12-27,0.00Y
1947-12-28,0.00Y
1947-12-29,0.00Y
1947-12-30,0.00Y
1947-12-31,0.00Y
1948-01-01,0.00Y
1948-01-02,0.00Y
1948-01-03,0.00Y
1948-01-04,0.00Y
1948-01-05,0.00Y
1948-01-06,0.00Y
1948-01-07,1.02Y
1948-01-08,0.00Y
1948-01-09,0.00Y
1948-01-10,0.00Y
1948-01-11,0.00Y
1948-01-12,0.00Y
1948-01-13,0.00Y
1948-01-14,0.00Y
1948-01-15,0.00Y
1948-01-16,0.00Y
1948-01-17,0.00Y
1948-01-18,0.00Y
1948-01-19,0.00Y
1948-01-20,0.00Y
1948-01-21,0.00Y
1948-01-22,0.00Y
1948-01-23,0.00Y
1948-01-24,0.00Y
1948-01-25,0.00Y
1948-01-26,0.00Y
1948-01-27,0.00Y
1948-01-28,0.00Y
1948-01-29,0.00Y
1948-01-30,0.00Y
1948-01-31,0.00Y
1948-02-01,0.00Y
1948-02-02,0.00Y
1948-02-03,0.00Y
1948-02-04,0.00Y
1948-02-05,0.00Y
1948-02-06,0.00Y
1948-02-07,0.00Y
1948-02-08,0.00Y
1948-02-09,0.00Y
1948-02-10,0.00Y
1948-02-11,0.00Y
1948-02-12,0.00Y
1948-02-13,0.00Y
1948-02-14,0.51Y
1948-02-15,0.00Y
1948-02-16,0.00Y
1948-02-17,0.00Y
1948-02-18,0.00Y
1948-02-19,0.00Y
1948-02-20,0.00Y
1948-02-21,0.00Y
1948-02-22,0.00Y
1948-02-23,0.00Y
1948-02-24,0.00Y
1948-02-25,0.00Y
1948-02-26,0.00Y
1948-02-27,0.00Y
1948-02-28,0.00Y
1948-02-29,0.00Y
1948-02-30,-9999.99M
1948-02-31,-9999.99M
1948-03-01,0.00Y
1948-03-02,0.00Y
1948-03-03,0.00Y
1948-03-04,0.00Y
1948-03-05,0.00Y
1948-03-06,0.00Y
1948-03-07,0.00Y
1948-03-08,0.00Y
1948-03-09,0.00Y
1948-03-10,0.00Y
1948-03-11,0.00Y
1948-03-12,0.00Y
1948-03-13,0.00Y
1948-03-14,0.00Y
1948-03-15,4.85Y
1948-03-16,10.50Y
1948-03-17,0.00Y
1948-03-18,0.00Y
1948-03-19,0.00Y
1948-03-20,4.35Y
1948-03-21,2.03Y
1948-03-22,0.00Y
1948-03-23,0.00Y
1948-03-24,0.72Y
1948-03-25,0.00Y
1948-03-26,0.00Y
1948-03-27,0.00Y
1948-03-28,0.00Y
1948-03-29,0.00Y
1948-03-30,0.00Y
1948-03-31,0.00Y
1948-04-01,6.87Y
1948-04-02,4.55Y
1948-04-03,0.00Y
1948-04-04,0.00Y
1948-04-05,0.00Y
1948-04-06,0.00Y
1948-04-07,0.00Y
1948-04-08,3.04Y
1948-04-09,1.73Y
1948-04-10,0.00Y
1948-04-11,0.00Y
1948-04-12,0.00Y
1948-04-13,0.00Y
1948-04-14,0.00Y
1948-04-15,0.00Y
1948-04-16,2.03Y
1948-04-17,0.00Y
1948-04-18,0.00Y
1948-04-19,4.05Y
1948-04-20,17.16Y
1948-04-21,0.00Y
1948-04-22,0.00Y
1948-04-23,0.00Y
1948-04-24,0.00Y
1948-04-25,0.00Y
1948-04-26,0.00Y
1948-04-27,0.00Y
1948-04-28,1.52Y
1948-04-29,4.05Y
1948-04-30,0.00Y
1948-04-31,-9999.99M
1948-05-01,0.00Y
1948-05-02,0.00Y
1948-05-03,0.00Y
1948-05-04,0.00Y
1948-05-05,0.00Y
1948-05-06,0.00Y
1948-05-07,4.55Y
1948-05-08,1.52Y
1948-05-09,0.00Y
1948-05-10,0.00Y
1948-05-11,0.51Y
1948-05-12,0.00Y
1948-05-13,0.00Y
1948-05-14,0.00Y
1948-05-15,0.00Y
1948-05-16,1.22Y
1948-05-17,48.94Y
1948-05-18,9.19Y
1948-05-19,5.86Y
1948-05-20,0.72Y
1948-05-21,0.72Y
1948-05-22,23.01Y
1948-05-23,0.00Y
1948-05-24,0.00Y
1948-05-25,1.52Y
1948-05-26,0.00Y
1948-05-27,0.00Y
1948-05-28,0.00Y
1948-05-29,2.03Y
1948-05-30,0.00Y
1948-05-31,1.02Y
1948-06-01,0.00Y
1948-06-02,0.00Y
1948-06-03,0.00Y
1948-06-04,1.73Y
1948-06-05,0.00Y
1948-06-06,0.00Y
1948-06-07,0.00Y
1948-06-08,0.00Y
1948-06-09,24.32Y
1948-06-10,21.70Y
1948-06-11,3.84Y
1948-06-12,0.00Y
1948-06-13,3.54Y
1948-06-14,0.72Y
1948-06-15,4.05Y
1948-06-16,0.00Y
1948-06-17,0.00Y
1948-06-18,0.00Y
1948-06-19,4.55Y
1948-06-20,0.00Y
1948-06-21,9.69Y
1948-06-22,0.00Y
1948-06-23,1.22Y
1948-06-24,17.66Y
1948-06-25,2.73Y
1948-06-26,0.00Y
1948-06-27,0.00Y
1948-06-28,0.00Y
1948-06-29,1.02Y
1948-06-30,3.54Y
1948-06-31,-9999.99M
1948-07-01,0.00Y
1948-07-02,0.00Y
1948-07-03,0.00Y
1948-07-04,1.73Y
1948-07-05,0.00Y
1948-07-06,0.00Y
1948-07-07,0.00Y
1948-07-08,0.00Y
1948-07-09,0.00Y
1948-07-10,0.00Y
1948-07-11,1.02Y
1948-07-12,0.00Y
1948-07-13,4.35Y
1948-07-14,0.00Y
1948-07-15,0.00Y
1948-07-16,0.00Y
1948-07-17,7.88Y
1948-07-18,30.98Y
1948-07-19,0.00Y
1948-07-20,0.00Y
1948-07-21,0.00Y
1948-07-22,0.00Y
1948-07-23,8.38Y
1948-07-24,8.69Y
1948-07-25,0.51Y
1948-07-26,0.00Y
1948-07-27,0.00Y
1948-07-28,14.54Y
1948-07-29,0.00Y
1948-07-30,0.51Y
1948-07-31,1.02Y
1948-08-01,0.51Y
1948-08-02,0.00Y
1948-08-03,0.00Y
1948-08-04,0.00Y
1948-08-05,0.00Y
1948-08-06,5.36Y
1948-08-07,0.00Y
1948-08-08,1.02Y
1948-08-09,0.51Y
1948-08-10,0.00Y
1948-08-11,0.00Y
1948-08-12,24.52Y
1948-08-13,15.34Y
1948-08-14,0.51Y
1948-08-15,1.22Y
1948-08-16,0.00Y
1948-08-17,0.00Y
1948-08-18,1.02Y
1948-08-19,0.00Y
1948-08-20,0.00Y
1948-08-21,0.00Y
1948-08-22,0.00Y
1948-08-23,0.00Y
1948-08-24,4.05Y
1948-08-25,0.00Y
1948-08-26,0.00Y
1948-08-27,0.00Y
1948-08-28,10.70Y
1948-08-29,32.80Y
1948-08-30,23.31Y
1948-08-31,1.22Y
1948-09-01,11.51Y
1948-09-02,0.00Y
1948-09-03,0.00Y
1948-09-04,3.84Y
1948-09-05,0.00Y
1948-09-06,0.00Y
1948-09-07,0.00Y
1948-09-08,0.00Y
1948-09-09,0.00Y
1948-09-10,0.00Y
1948-09-11,3.24Y
1948-09-12,5.36Y
1948-09-13,5.56Y
1948-09-14,0.00Y
1948-09-15,1.02Y
1948-09-16,0.00Y
1948-09-17,4.35Y
1948-09-18,2.53Y
1948-09-19,0.00Y
1948-09-20,19.18Y
1948-09-21,29.67Y
1948-09-22,4.35Y
1948-09-23,0.00Y
1948-09-24,0.00Y
1948-09-25,0.00Y
1948-09-26,0.00Y
1948-09-27,0.00Y
1948-09-28,0.00Y
1948-09-29,0.00Y
1948-09-30,0.00Y
1948-09-31,-9999.99M
1948-10-01,3.84Y
1948-10-02,12.01Y
1948-10-03,1.02Y
1948-10-04,0.00Y
1948-10-05,0.00Y
1948-10-06,0.00Y
1948-10-07,0.00Y
1948-10-08,0.00Y
1948-10-09,14.34Y
1948-10-10,0.00Y
1948-10-11,3.54Y
1948-10-12,1.02Y
1948-10-13,44.80Y
1948-10-14,1.73Y
1948-10-15,0.00Y
1948-10-16,0.00Y
1948-10-17,15.55Y
1948-10-18,2.53Y
1948-10-19,0.00Y
1948-10-20,0.00Y
1948-10-21,0.00Y
1948-10-22,0.00Y
1948-10-23,0.00Y
1948-10-24,0.00Y
1948-10-25,0.00Y
1948-10-26,0.00Y
1948-10-27,0.00Y
1948-10-28,0.00Y
1948-10-29,0.00Y
1948-10-30,0.00Y
1948-10-31,0.00Y
1948-11-01,0.00Y
1948-11-02,0.00Y
1948-11-03,0.00Y
1948-11-04,24.52Y
1948-11-05,0.00Y
1948-11-06,1.52Y
1948-11-07,11.51Y
1948-11-08,0.00Y
1948-11-09,1.02Y
1948-11-10,18.17Y
1948-11-11,0.00Y
1948-11-12,36.13Y
1948-11-13,0.00Y
1948-11-14,0.00Y
1948-11-15,0.00Y
1948-11-16,0.00Y
1948-11-17,0.00Y
1948-11-18,0.00Y
1948-11-19,0.00Y
1948-11-20,0.00Y
1948-11-21,6.67Y
1948-11-22,0.00Y
1948-11-23,1.52Y
1948-11-24,1.52Y
1948-11-25,0.72Y
1948-11-26,2.03Y
1948-11-27,9.19Y
1948-11-28,0.00Y
1948-11-29,0.00Y
1948-11-30,0.00Y
1948-11-31,-9999.99M
1948-12-01,0.00Y
1948-12-02,0.00Y
1948-12-03,0.00Y
1948-12-04,0.00Y
1948-12-05,0.00Y
1948-12-06,18.67Y
1948-12-07,0.00Y
1948-12-08,0.00Y
1948-12-09,0.00Y
1948-12-10,0.00Y
1948-12-11,0.00Y
1948-12-12,0.00Y
1948-12-13,0.00Y
1948-12-14,0.00Y
1948-12-15,0.00Y
1948-12-16,0.00Y
1948-12-17,0.00Y
1948-12-18,0.00Y
1948-12-19,0.00Y
1948-12-20,0.00Y
1948-12-21,0.00Y
1948-12-22,0.00Y
1948-12-23,0.00Y
1948-12-24,0.00Y
1948-12-25,0.00Y
1948-12-26,0.00Y
1948-12-27,0.00Y
1948-12-28,0.00Y
1948-12-29,0.00Y
1948-12-30,0.00Y
1948-12-31,0.00Y
1949-01-01,0.00Y
1949-01-02,7.88Y
1949-01-03,0.00Y
1949-01-04,0.00Y
1949-01-05,13.02Y
1949-01-06,0.00Y
1949-01-07,0.00Y
1949-01-08,0.00Y
1949-01-09,0.00Y
1949-01-10,0.00Y
1949-01-11,0.00Y
1949-01-12,0.00Y
1949-01-13,0.00Y
1949-01-14,0.00Y
1949-01-15,0.00Y
1949-01-16,0.00Y
1949-01-17,0.00Y
1949-01-18,0.00Y
1949-01-19,0.00Y
1949-01-20,0.00Y
1949-01-21,0.00Y
1949-01-22,0.00Y
1949-01-23,0.00Y
1949-01-24,0.00Y
1949-01-25,0.00Y
1949-01-26,0.00Y
1949-01-27,0.00Y
1949-01-28,0.00Y
1949-01-29,0.00Y
1949-01-30,0.00Y
1949-01-31,0.00Y
1949-02-01,0.00Y
1949-02-02,0.00Y
1949-02-03,0.00Y
1949-02-04,0.00Y
1949-02-05,0.00Y
1949-02-06,0.00Y
1949-02-07,0.00Y
1949-02-08,0.00Y
1949-02-09,0.00Y
1949-02-10,0.00Y
1949-02-11,0.00Y
1949-02-12,0.00Y
1949-02-13,0.00Y
1949-02-14,0.00Y
1949-02-15,0.00Y
1949-02-16,0.00Y
1949-02-17,0.00Y
1949-02-18,0.00Y
1949-02-19,0.00Y
1949-02-20,0.00Y
1949-02-21,0.00Y
1949-02-22,0.00Y
1949-02-23,0.00Y
1949-02-24,0.00Y
1949-02-25,0.00Y
1949-02-26,0.00Y
1949-02-27,0.00Y
1949-02-28,0.00Y
1949-02-29,-9999.99M
1949-02-30,-9999.99M
1949-02-31,-9999.99M
1949-03-01,0.00Y
1949-03-02,0.00Y
1949-03-03,0.00Y
1949-03-04,0.00Y
1949-03-05,0.00Y
1949-03-06,0.00Y
1949-03-07,0.00Y
1949-03-08,0.00Y
1949-03-09,0.00Y
1949-03-10,0.00Y
1949-03-11,10.50Y
1949-03-12,19.48Y
1949-03-13,0.00Y
1949-03-14,0.00Y
1949-03-15,0.00Y
1949-03-16,0.00Y
1949-03-17,0.00Y
1949-03-18,0.00Y
1949-03-19,0.00Y
1949-03-20,0.00Y
1949-03-21,0.00Y
1949-03-22,0.00Y
1949-03-23,12.22Y
1949-03-24,0.00Y
1949-03-25,0.72Y
1949-03-26,0.72Y
1949-03-27,11.21Y
1949-03-28,0.72Y
1949-03-29,0.00Y
1949-03-30,0.00Y
1949-03-31,0.72Y
1949-04-01,0.00Y
1949-04-02,0.72Y
1949-04-03,0.00Y
1949-04-04,0.00Y
1949-04-05,0.00Y
1949-04-06,0.00Y
1949-04-07,0.00Y
1949-04-08,2.73Y
1949-04-09,0.51Y
1949-04-10,0.51Y
1949-04-11,0.00Y
1949-04-12,0.00Y
1949-04-13,4.55Y
1949-04-14,1.52Y
1949-04-15,0.00Y
1949-04-16,0.00Y
1949-04-17,5.86Y
1949-04-18,0.00Y
1949-04-19,0.00Y
1949-04-20,0.00Y
1949-04-21,0.51Y
1949-04-22,0.00Y
1949-04-23,0.00Y
1949-04-24,1.73Y
1949-04-25,0.00Y
1949-04-26,0.00Y
1949-04-27,3.24Y
1949-04-28,1.22Y
1949-04-29,0.00Y
1949-04-30,0.00Y
1949-04-31,-9999.99M
1949-05-01,0.00Y
1949-05-02,0.00Y
1949-05-03,1.52Y
1949-05-04,0.00Y
1949-05-05,0.00Y
1949-05-06,5.86Y
1949-05-07,0.00Y
1949-05-08,1.02Y
1949-05-09,0.00Y
1949-05-10,0.00Y
1949-05-11,0.00Y
1949-05-12,1.22Y
1949-05-13,0.00Y
1949-05-14,3.04Y
1949-05-15,0.00Y
1949-05-16,0.00Y
1949-05-17,0.00Y
1949-05-18,32.49Y
1949-05-19,6.87Y
1949-05-20,0.00Y
1949-05-21,0.00Y
1949-05-22,7.88Y
1949-05-23,15.55Y
1949-05-24,0.00Y
1949-05-25,21.70Y
1949-05-26,1.02Y
1949-05-27,18.67Y
1949-05-28,14.54Y
1949-05-29,9.19Y
1949-05-30,1.22Y
1949-05-31,0.00Y
1949-06-01,0.00Y
1949-06-02,0.00Y
1949-06-03,0.00Y
1949-06-04,0.00Y
1949-06-05,14.03Y
1949-06-06,10.50Y
1949-06-07,8.38Y
1949-06-08,4.85Y
1949-06-09,0.00Y
1949-06-10,0.00Y
1949-06-11,5.36Y
1949-06-12,0.00Y
1949-06-13,0.00Y
1949-06-14,7.68Y
1949-06-15,0.51Y
1949-06-16,0.00Y
1949-06-17,0.00Y
1949-06-18,0.00Y
1949-06-19,0.00Y
1949-06-20,0.00Y
1949-06-21,3.84Y
1949-06-22,13.02Y
1949-06-23,4.05Y
1949-06-24,0.00Y
1949-06-25,6.67Y
1949-06-26,29.67Y
1949-06-27,0.00Y
1949-06-28,0.00Y
1949-06-29,0.00Y
1949-06-30,0.00Y
1949-06-31,-9999.99M
1949-07-01,0.51Y
1949-07-02,1.22Y
1949-07-03,1.02Y
1949-07-04,0.00Y
1949-07-05,0.00Y
1949-07-06,0.00Y
1949-07-07,0.00Y
1949-07-08,0.00Y
1949-07-09,0.00Y
1949-07-10,0.00Y
1949-07-11,0.00Y
1949-07-12,0.51Y
1949-07-13,15.34Y
1949-07-14,0.00Y
1949-07-15,0.00Y
1949-07-16,2.53Y
1949-07-17,0.00Y
1949-07-18,0.00Y
1949-07-19,0.51Y
1949-07-20,0.00Y
1949-07-21,0.00Y
1949-07-22,2.23Y
1949-07-23,0.51Y
1949-07-24,0.00Y
1949-07-25,1.73Y
1949-07-26,0.51Y
1949-07-27,0.00Y
1949-07-28,0.72Y
1949-07-29,0.00Y
1949-07-30,4.85Y
1949-07-31,75.27Y
1949-08-01,1.02Y
1949-08-02,0.51Y
1949-08-03,5.36Y
1949-08-04,0.00Y
1949-08-05,0.00Y
1949-08-06,0.00Y
1949-08-07,2.73Y
1949-08-08,0.51Y
1949-08-09,0.00Y
1949-08-10,0.00Y
1949-08-11,0.51Y
1949-08-12,7.37Y
1949-08-13,0.51Y
1949-08-14,1.52Y
1949-08-15,0.51Y
1949-08-16,0.00Y
1949-08-17,0.00Y
1949-08-18,0.00Y
1949-08-19,0.00Y
1949-08-20,2.23Y
1949-08-21,0.00Y
1949-08-22,0.51Y
1949-08-23,0.72Y
1949-08-24,1.22Y
1949-08-25,0.00Y
1949-08-26,0.00Y
1949-08-27,8.38Y
1949-08-28,10.00Y
1949-08-29,8.38Y
1949-08-30,0.00Y
1949-08-31,4.05Y
1949-09-01,26.84Y
1949-09-02,0.00Y
1949-09-03,0.00Y
1949-09-04,0.00Y
1949-09-05,0.00Y
1949-09-06,0.00Y
1949-09-07,0.00Y
1949-09-08,5.56Y
1949-09-09,0.00Y
1949-09-10,0.00Y
1949-09-11,0.00Y
1949-09-12,0.00Y
1949-09-13,0.00Y
1949-09-14,2.03Y
1949-09-15,4.05Y
1949-09-16,1.52Y
1949-09-17,0.00Y
1949-09-18,12.01Y
1949-09-19,4.05Y
1949-09-20,2.53Y
1949-09-21,1.02Y
1949-09-22,4.05Y
1949-09-23,27.85Y
1949-09-24,0.00Y
1949-09-25,0.51Y
1949-09-26,0.00Y
1949-09-27,0.00Y
1949-09-28,11.71Y
1949-09-29,1.22Y
1949-09-30,3.24Y
1949-09-31,-9999.99M
1949-10-01,0.00Y
1949-10-02,0.00Y
1949-10-03,0.00Y
1949-10-04,4.55Y
1949-10-05,6.06Y
1949-10-06,0.00Y
1949-10-07,0.00Y
1949-10-08,0.00Y
1949-10-09,0.00Y
1949-10-10,0.00Y
1949-10-11,11.71Y
1949-10-12,0.00Y
1949-10-13,0.00Y
1949-10-14,0.00Y
1949-10-15,0.00Y
1949-10-16,0.00Y
1949-10-17,0.00Y
1949-10-18,0.00Y
1949-10-19,0.00Y
1949-10-20,0.00Y
1949-10-21,0.00Y
1949-10-22,5.86Y
1949-10-23,0.00Y
1949-10-24,0.00Y
1949-10-25,0.72Y
1949-10-26,11.71Y
1949-10-27,0.00Y
1949-10-28,0.00Y
1949-10-29,0.00Y
1949-10-30,0.00Y
1949-10-31,7.17Y
1949-11-01,0.00Y
1949-11-02,1.22Y
1949-11-03,0.51Y
1949-11-04,10.50Y
1949-11-05,0.00Y
1949-11-06,0.00Y
1949-11-07,0.00Y
1949-11-08,2.73Y
1949-11-09,0.00Y
1949-11-10,0.00Y
1949-11-11,0.00Y
1949-11-12,0.00Y
1949-11-13,0.00Y
1949-11-14,23.31Y
1949-11-15,0.00Y
1949-11-16,3.84Y
1949-11-17,1.22Y
1949-11-18,0.00Y
1949-11-19,0.72Y
1949-11-20,0.00Y
1949-11-21,0.00Y
1949-11-22,0.00Y
1949-11-23,0.00Y
1949-11-24,0.00Y
1949-11-25,0.00Y
1949-11-26,11.01Y
1949-11-27,0.00Y
1949-11-28,0.00Y
1949-11-29,0.00Y
1949-11-30,0.00Y
1949-11-31,-9999.99M
1949-12-01,0.00Y
1949-12-02,0.00Y
1949-12-03,0.00Y
1949-12-04,0.00Y
1949-12-05,0.00Y
1949-12-06,0.00Y
1949-12-07,0.00Y
1949-12-08,0.00Y
1949-12-09,0.00Y
1949-12-10,0.00Y
1949-12-11,0.51Y
1949-12-12,1.22Y
1949-12-13,2.73Y
1949-12-14,0.00Y
1949-12-15,0.00Y
1949-12-16,0.00Y
1949-12-17,0.00Y
1949-12-18,0.00Y
1949-12-19,0.00Y
1949-12-20,0.00Y
1949-12-21,2.53Y
1949-12-22,3.04Y
1949-12-23,2.53Y
1949-12-24,0.00Y
1949-12-25,0.00Y
1949-12-26,5.56Y
1949-12-27,9.69Y
1949-12-28,0.00Y
1949-12-29,0.00Y
1949-12-30,0.00Y
1949-12-31,0.00Y
1950-01-01,0.00Y
1950-01-02,0.00Y
1950-01-03,3.84Y
1950-01-04,3.84Y
1950-01-05,0.00Y
1950-01-06,0.00Y
1950-01-07,0.00Y
1950-01-08,0.00Y
1950-01-09,0.00Y
1950-01-10,0.00Y
1950-01-11,0.00Y
1950-01-12,0.00Y
1950-01-13,0.00Y
1950-01-14,14.34Y
1950-01-15,0.00Y
1950-01-16,0.00Y
1950-01-17,0.00Y
1950-01-18,0.00Y
1950-01-19,0.00Y
1950-01-20,0.00Y
1950-01-21,0.00Y
1950-01-22,0.00Y
1950-01-23,0.00Y
1950-01-24,0.00Y
1950-01-25,0.00Y
1950-01-26,3.04Y
1950-01-27,0.00Y
1950-01-28,0.00Y
1950-01-29,0.00Y
1950-01-30,0.00Y
1950-01-31,0.00Y
1950-02-01,0.00Y
1950-02-02,0.00Y
1950-02-03,0.00Y
1950-02-04,0.00Y
1950-02-05,0.00Y
1950-02-06,0.00Y
1950-02-07,0.00Y
1950-02-08,0.00Y
1950-02-09,0.00Y
1950-02-10,0.00Y
1950-02-11,0.00Y
1950-02-12,0.00Y
1950-02-13,0.00Y
1950-02-14,0.00Y
1950-02-15,0.00Y
1950-02-16,0.00Y
1950-02-17,0.00Y
1950-02-18,0.00Y
1950-02-19,0.00Y
1950-02-20,0.00Y
1950-02-21,0.00Y
1950-02-22,0.00Y
1950-02-23,0.00Y
1950-02-24,0.00Y
1950-02-25,0.00Y
1950-02-26,0.00Y
1950-02-27,0.00Y
1950-02-28,0.00Y
1950-02-29,-9999.99M
1950-02-30,-9999.99M
1950-02-31,-9999.99M
1950-03-01,0.00Y
1950-03-02,0.00Y
1950-03-03,0.00Y
1950-03-04,0.00Y
1950-03-05,0.00Y
1950-03-06,0.00Y
1950-03-07,0.00Y
1950-03-08,1.02Y
1950-03-09,2.23Y
1950-03-10,0.00Y
1950-03-11,0.00Y
1950-03-12,0.00Y
1950-03-13,0.00Y
1950-03-14,0.00Y
1950-03-15,0.00Y
1950-03-16,0.00Y
1950-03-17,0.00Y
1950-03-18,0.00Y
1950-03-19,0.00Y
1950-03-20,0.00Y
1950-03-21,0.00Y
1950-03-22,0.00Y
1950-03-23,0.00Y
1950-03-24,1.02Y
1950-03-25,0.00Y
1950-03-26,0.00Y
1950-03-27,0.00Y
1950-03-28,6.67Y
1950-03-29,3.54Y
1950-03-30,0.00Y
1950-03-31,0.00Y
1950-04-01,0.00Y
1950-04-02,0.00Y
1950-04-03,3.24Y
1950-04-04,12.72Y
1950-04-05,2.73Y
1950-04-06,0.00Y
1950-04-07,0.00Y
1950-04-08,0.00Y
1950-04-09,0.00Y
1950-04-10,0.00Y
1950-04-11,0.00Y
1950-04-12,0.00Y
1950-04-13,0.00Y
1950-04-14,0.00Y
1950-04-15,0.00Y
1950-04-16,0.00Y
1950-04-17,0.00Y
1950-04-18,1.22Y
1950-04-19,0.00Y
1950-04-20,1.52Y
1950-04-21,11.21Y
1950-04-22,0.00Y
1950-04-23,0.00Y
1950-04-24,0.00Y
1950-04-25,0.00Y
1950-04-26,0.00Y
1950-04-27,0.00Y
1950-04-28,0.72Y
1950-04-29,0.00Y
1950-04-30,0.00Y
1950-04-31,-9999.99M
1950-05-01,1.02Y
1950-05-02,1.22Y
1950-05-03,0.00Y
1950-05-04,0.00Y
1950-05-05,2.53Y
1950-05-06,1.02Y
1950-05-07,0.00Y
1950-05-08,0.00Y
1950-05-09,0.00Y
1950-05-10,6.06Y
1950-05-11,0.00Y
1950-05-12,0.00Y
1950-05-13,15.85Y
1950-05-14,0.00Y
1950-05-15,0.00Y
1950-05-16,0.00Y
1950-05-17,0.00Y
1950-05-18,0.00Y
1950-05-19,0.00Y
1950-05-20,0.72Y
1950-05-21,0.00Y
1950-05-22,0.00Y
1950-05-23,0.00Y
1950-05-24,0.00Y
1950-05-25,0.00Y
1950-05-26,0.00Y
1950-05-27,0.00Y
1950-05-28,0.00Y
1950-05-29,0.00Y
1950-05-30,0.00Y
1950-05-31,0.00Y
1950-06-01,2.23Y
1950-06-02,5.36Y
1950-06-03,0.00Y
1950-06-04,0.00Y
1950-06-05,0.00Y
1950-06-06,2.03Y
1950-06-07,1.22Y
1950-06-08,0.00Y
1950-06-09,2.23Y
1950-06-10,28.86Y
1950-06-11,0.00Y
1950-06-12,0.00Y
1950-06-13,0.00Y
1950-06-14,3.04Y
1950-06-15,0.00Y
1950-06-16,0.00Y
1950-06-17,1.02Y
1950-06-18,0.51Y
1950-06-19,0.00Y
1950-06-20,0.00Y
1950-06-21,7.17Y
1950-06-22,0.00Y
1950-06-23,0.00Y
1950-06-24,9.69Y
1950-06-25,1.22Y
1950-06-26,0.00Y
1950-06-27,32.29Y
1950-06-28,2.53Y
1950-06-29,3.04Y
1950-06-30,5.36Y
1950-06-31,-9999.99M
1950-07-01,0.00Y
1950-07-02,1.52Y
1950-07-03,0.51Y
1950-07-04,0.00Y
1950-07-05,1.52Y
1950-07-06,12.01Y
1950-07-07,0.00Y
1950-07-08,0.00Y
1950-07-09,0.00Y
1950-07-10,0.00Y
1950-07-11,0.00Y
1950-07-12,0.00Y
1950-07-13,0.00Y
1950-07-14,0.00Y
1950-07-15,0.00Y
1950-07-16,0.72Y
1950-07-17,0.72Y
1950-07-18,17.36Y
1950-07-19,0.00Y
1950-07-20,0.00Y
1950-07-21,0.00Y
1950-07-22,0.00Y
1950-07-23,0.00Y
1950-07-24,0.00Y
1950-07-25,0.00Y
1950-07-26,5.36Y
1950-07-27,5.05Y
1950-07-28,0.00Y
1950-07-29,11.51Y
1950-07-30,6.37Y
1950-07-31,0.00Y
1950-08-01,-9999.99M
1950-08-02,-9999.99M
1950-08-03,-9999.99M
1950-08-04,8.18Y
1950-08-05,4.85Y
1950-08-06,-9999.99M
1950-08-07,-9999.99M
1950-08-08,-9999.99M
1950-08-09,-9999.99M
1950-08-10,3.04Y
1950-08-11,-9999.99M
1950-08-12,-9999.99M
1950-08-13,-9999.99M
1950-08-14,-9999.99M
1950-08-15,-9999.99M
1950-08-16,-9999.99M
1950-08-17,-9999.99M
1950-08-18,2.73Y
1950-08-19,4.05Y
1950-08-20,10.50Y
1950-08-21,-9999.99M
1950-08-22,-9999.99M
1950-08-23,0.72Y
1950-08-24,-9999.99M
1950-08-25,-9999.99M
1950-08-26,-9999.99M
1950-08-27,2.03Y
1950-08-28,0.72Y
1950-08-29,0.51Y
1950-08-30,-9999.99M
1950-08-31,4.05Y
1950-09-01,0.00Y
1950-09-02,0.00Y
1950-09-03,0.00Y
1950-09-04,2.53Y
1950-09-05,0.00Y
1950-09-06,0.00Y
1950-09-07,0.00Y
1950-09-08,0.00Y
1950-09-09,0.00Y
1950-09-10,0.00Y
1950-09-11,0.00Y
1950-09-12,0.00Y
1950-09-13,0.00Y
1950-09-14,0.00Y
1950-09-15,7.68Y
1950-09-16,0.00Y
1950-09-17,0.00Y
1950-09-18,0.00Y
1950-09-19,7.17Y
1950-09-20,0.00Y
1950-09-21,2.03Y
1950-09-22,5.36Y
1950-09-23,7.68Y
1950-09-24,0.00Y
1950-09-25,0.00Y
1950-09-26,0.00Y
1950-09-27,0.00Y
1950-09-28,0.00Y
1950-09-29,0.00Y
1950-09-30,0.51Y
1950-09-31,-9999.99M
1950-10-01,0.00Y
1950-10-02,0.00Y
1950-10-03,1.73Y
1950-10-04,0.00Y
1950-10-05,0.00Y
1950-10-06,0.00Y
1950-10-07,0.00Y
1950-10-08,0.00Y
1950-10-09,0.00Y
1950-10-10,0.72Y
1950-10-11,14.34Y
1950-10-12,9.19Y
1950-10-13,0.51Y
1950-10-14,0.00Y
1950-10-15,0.00Y
1950-10-16,0.00Y
1950-10-17,0.00Y
1950-10-18,0.72Y
1950-10-19,30.48Y
1950-10-20,0.51Y
1950-10-21,0.00Y
1950-10-22,0.00Y
1950-10-23,1.02Y
1950-10-24,0.00Y
1950-10-25,1.73Y
1950-10-26,0.00Y
1950-10-27,0.00Y
1950-10-28,0.00Y
1950-10-29,0.72Y
1950-10-30,17.36Y
1950-10-31,0.00Y
1950-11-01,0.00Y
1950-11-02,13.02Y
1950-11-03,0.00Y
1950-11-04,45.10Y
1950-11-05,20.49Y
1950-11-06,0.00Y
1950-11-07,0.00Y
1950-11-08,0.51Y
1950-11-09,1.22Y
1950-11-10,0.00Y
1950-11-11,0.00Y
1950-11-12,0.00Y
1950-11-13,0.00Y
1950-11-14,0.00Y
1950-11-15,0.00Y
1950-11-16,20.19Y
1950-11-17,2.03Y
1950-11-18,9.19Y
1950-11-19,0.00Y
1950-11-20,8.38Y
1950-11-21,20.99Y
1950-11-22,1.52Y
1950-11-23,0.00Y
1950-11-24,0.00Y
1950-11-25,2.03Y
1950-11-26,0.51Y
1950-11-27,30.98Y
1950-11-28,20.69Y
1950-11-29,9.39Y
1950-11-30,0.51Y
1950-11-31,-9999.99M
1950-12-01,0.00Y
1950-12-02,0.00Y
1950-12-03,0.51Y
1950-12-04,4.35Y
1950-12-05,0.00Y
1950-12-06,8.38Y
1950-12-07,0.00Y
1950-12-08,0.00Y
1950-12-09,16.86Y
1950-12-10,1.73Y
1950-12-11,23.31Y
1950-12-12,6.06Y
1950-12-13,2.23Y
1950-12-14,0.00Y
1950-12-15,0.00Y
1950-12-16,0.00Y
1950-12-17,6.67Y
1950-12-18,0.00Y
1950-12-19,0.00Y
1950-12-20,0.00Y
1950-12-21,0.00Y
1950-12-22,0.00Y
1950-12-23,0.00Y
1950-12-24,0.00Y
1950-12-25,0.00Y
1950-12-26,0.00Y
1950-12-27,0.00Y
1950-12-28,0.00Y
1950-12-29,0.00Y
1950-12-30,0.00Y
1950-12-31,0.00Y
1951-01-01,0.00Y
1951-01-02,0.00Y
1951-01-03,0.00Y
1951-01-04,1.52Y
1951-01-05,0.00Y
1951-01-06,0.00Y
1951-01-07,0.00Y
1951-01-08,0.00Y
1951-01-09,0.00Y
1951-01-10,0.00Y
1951-01-11,0.00Y
1951-01-12,0.00Y
1951-01-13,0.00Y
1951-01-14,0.00Y
1951-01-15,0.00Y
1951-01-16,0.00Y
1951-01-17,0.00Y
1951-01-18,0.00Y
1951-01-19,0.00Y
1951-01-20,0.00Y
1951-01-21,3.24Y
1951-01-22,0.00Y
1951-01-23,13.02Y
1951-01-24,0.00Y
1951-01-25,0.00Y
1951-01-26,0.00Y
1951-01-27,0.00Y
1951-01-28,0.00Y
1951-01-29,0.00Y
1951-01-30,0.00Y
1951-01-31,0.00Y
1951-02-01,0.00Y
1951-02-02,0.00Y
1951-02-03,0.00Y
1951-02-04,0.00Y
1951-02-05,0.00Y
1951-02-06,0.00Y
1951-02-07,28.86Y
1951-02-08,1.02Y
1951-02-09,0.00Y
1951-02-10,0.00Y
1951-02-11,6.67Y
1951-02-12,0.51Y
1951-02-13,2.73Y
1951-02-14,0.00Y
1951-02-15,0.00Y
1951-02-16,0.00Y
1951-02-17,0.00Y
1951-02-18,0.00Y
1951-02-19,0.00Y
1951-02-20,0.00Y
1951-02-21,0.00Y
1951-02-22,0.00Y
1951-02-23,0.00Y
1951-02-24,2.73Y
1951-02-25,0.00Y
1951-02-26,0.00Y
1951-02-27,0.00Y
1951-02-28,0.00Y
1951-02-29,-9999.99M
1951-02-30,-9999.99M
1951-02-31,-9999.99M
1951-03-01,0.00Y
1951-03-02,0.00Y
1951-03-03,0.00Y
1951-03-04,0.00Y
1951-03-05,0.00Y
1951-03-06,0.00Y
1951-03-07,0.00Y
1951-03-08,0.00Y
1951-03-09,0.00Y
1951-03-10,1.52Y
1951-03-11,0.00Y
1951-03-12,0.00Y
1951-03-13,0.00Y
1951-03-14,0.00Y
1951-03-15,7.88Y
1951-03-16,0.00Y
1951-03-17,0.00Y
1951-03-18,0.00Y
1951-03-19,0.00Y
1951-03-20,0.00Y
1951-03-21,0.00Y
1951-03-22,0.00Y
1951-03-23,0.00Y
1951-03-24,0.00Y
1951-03-25,0.00Y
1951-03-26,0.00Y
1951-03-27,0.00Y
1951-03-28,0.00Y
1951-03-29,0.00Y
1951-03-30,0.00Y
1951-03-31,0.00Y
1951-04-01,1.52Y
1951-04-02,5.56Y
1951-04-03,8.38Y
1951-04-04,0.00Y
1951-04-05,0.00Y
1951-04-06,8.18Y
1951-04-07,1.73Y
1951-04-08,2.23Y
1951-04-09,6.06Y
1951-04-10,16.66Y
1951-04-11,5.86Y
1951-04-12,5.36Y
1951-04-13,6.67Y
1951-04-14,4.55Y
1951-04-15,3.24Y
1951-04-16,1.02Y
1951-04-17,1.73Y
1951-04-18,6.37Y
1951-04-19,0.00Y
1951-04-20,2.23Y
1951-04-21,0.00Y
1951-04-22,2.23Y
1951-04-23,4.35Y
1951-04-24,0.51Y
1951-04-25,0.51Y
1951-04-26,22.20Y
1951-04-27,0.00Y
1951-04-28,1.02Y
1951-04-29,5.56Y
1951-04-30,0.00Y
1951-04-31,-9999.99M
1951-05-01,0.00Y
1951-05-02,0.00Y
1951-05-03,0.00Y
1951-05-04,0.72Y
1951-05-05,0.00Y
1951-05-06,1.22Y
1951-05-07,4.55Y
1951-05-08,8.18Y
1951-05-09,3.24Y
1951-05-10,0.00Y
1951-05-11,7.37Y
1951-05-12,7.37Y
1951-05-13,0.51Y
1951-05-14,0.00Y
1951-05-15,3.54Y
1951-05-16,0.51Y
1951-05-17,0.00Y
1951-05-18,0.00Y
1951-05-19,0.00Y
1951-05-20,0.00Y
1951-05-21,0.00Y
1951-05-22,0.00Y
1951-05-23,0.00Y
1951-05-24,0.00Y
1951-05-25,0.00Y
1951-05-26,0.00Y
1951-05-27,0.00Y
1951-05-28,8.18Y
1951-05-29,12.52Y
1951-05-30,1.02Y
1951-05-31,0.00Y
1951-06-01,1.02Y
1951-06-02,0.00Y
1951-06-03,0.00Y
1951-06-04,7.88Y
1951-06-05,0.00Y
1951-06-06,0.00Y
1951-06-07,0.00Y
1951-06-08,0.00Y
1951-06-09,0.00Y
1951-06-10,0.00Y
1951-06-11,0.00Y
1951-06-12,0.00Y
1951-06-13,0.00Y
1951-06-14,0.00Y
1951-06-15,4.55Y
1951-06-16,0.00Y
1951-06-17,0.00Y
1951-06-18,0.00Y
1951-06-19,0.00Y
1951-06-20,0.00Y
1951-06-21,3.84Y
1951-06-22,0.00Y
1951-06-23,28.86Y
1951-06-24,0.00Y
1951-06-25,34.51Y
1951-06-26,0.00Y
1951-06-27,0.00Y
1951-06-28,0.00Y
1951-06-29,5.86Y
1951-06-30,8.38Y
1951-06-31,-9999.99M
1951-07-01,17.16Y
1951-07-02,0.00Y
1951-07-03,0.00Y
1951-07-04,2.73Y
1951-07-05,41.67Y
1951-07-06,20.69Y
1951-07-07,0.00Y
1951-07-08,0.00Y
1951-07-09,0.00Y
1951-07-10,0.00Y
1951-07-11,15.55Y
1951-07-12,24.52Y
1951-07-13,0.72Y
1951-07-14,0.00Y
1951-07-15,0.00Y
1951-07-16,0.00Y
1951-07-17,0.00Y
1951-07-18,0.00Y
1951-07-19,0.00Y
1951-07-20,0.00Y
1951-07-21,0.00Y
1951-07-22,1.22Y
1951-07-23,0.00Y
1951-07-24,0.00Y
1951-07-25,2.73Y
1951-07-26,2.03Y
1951-07-27,0.51Y
1951-07-28,0.00Y
1951-07-29,0.72Y
1951-07-30,0.00Y
1951-07-31,11.51Y
1951-08-01,5.05Y
1951-08-02,0.00Y
1951-08-03,5.05Y
1951-08-04,1.02Y
1951-08-05,0.00Y
1951-08-06,0.00Y
1951-08-07,0.00Y
1951-08-08,10.50Y
1951-08-09,4.55Y
1951-08-10,0.00Y
1951-08-11,0.00Y
1951-08-12,0.51Y
1951-08-13,0.00Y
1951-08-14,0.00Y
1951-08-15,0.00Y
1951-08-16,0.00Y
1951-08-17,11.51Y
1951-08-18,19.68Y
1951-08-19,0.00Y
1951-08-20,0.51Y
1951-08-21,8.38Y
1951-08-22,13.53Y
1951-08-23,0.00Y
1951-08-24,0.51Y
1951-08-25,0.00Y
1951-08-26,0.00Y
1951-08-27,0.00Y
1951-08-28,0.00Y
1951-08-29,6.67Y
1951-08-30,0.51Y
1951-08-31,0.00Y
1951-09-01,0.00Y
1951-09-02,0.51Y
1951-09-03,11.71Y
1951-09-04,0.00Y
1951-09-05,0.00Y
1951-09-06,0.00Y
1951-09-07,2.73Y
1951-09-08,1.22Y
1951-09-09,0.00Y
1951-09-10,0.00Y
1951-09-11,0.00Y
1951-09-12,1.22Y
1951-09-13,0.00Y
1951-09-14,0.51Y
1951-09-15,1.22Y
1951-09-16,3.84Y
1951-09-17,0.00Y
1951-09-18,0.00Y
1951-09-19,0.00Y
1951-09-20,0.00Y
1951-09-21,0.00Y
1951-09-22,0.72Y
1951-09-23,3.54Y
1951-09-24,0.00Y
1951-09-25,0.72Y
1951-09-26,0.00Y
1951-09-27,7.68Y
1951-09-28,0.00Y
1951-09-29,0.51Y
1951-09-30,0.00Y
1951-09-31,-9999.99M
1951-10-01,1.73Y
1951-10-02,3.04Y
1951-10-03,0.00Y
1951-10-04,0.00Y
1951-10-05,3.84Y
1951-10-06,10.50Y
1951-10-07,1.02Y
1951-10-08,16.35Y
1951-10-09,0.51Y
1951-10-10,0.00Y
1951-10-11,0.00Y
1951-10-12,0.00Y
1951-10-13,0.00Y
1951-10-14,0.00Y
1951-10-15,0.00Y
1951-10-16,0.00Y
1951-10-17,0.00Y
1951-10-18,0.00Y
1951-10-19,0.00Y
1951-10-20,0.00Y
1951-10-21,0.00Y
1951-10-22,0.00Y
1951-10-23,0.00Y
1951-10-24,4.05Y
1951-10-25,9.19Y
1951-10-26,1.52Y
1951-10-27,0.00Y
1951-10-28,0.00Y
1951-10-29,0.00Y
1951-10-30,0.00Y
1951-10-31,3.24Y
1951-11-01,0.00Y
1951-11-02,3.04Y
1951-11-03,0.00Y
1951-11-04,28.36Y
1951-11-05,0.00Y
1951-11-06,0.00Y
1951-11-07,28.36Y
1951-11-08,3.54Y
1951-11-09,0.00Y
1951-11-10,0.00Y
1951-11-11,0.00Y
1951-11-12,0.00Y
1951-11-13,5.36Y
1951-11-14,3.24Y
1951-11-15,0.00Y
1951-11-16,2.03Y
1951-11-17,4.05Y
1951-11-18,0.00Y
1951-11-19,0.00Y
1951-11-20,0.00Y
1951-11-21,0.00Y
1951-11-22,0.51Y
1951-11-23,0.51Y
1951-11-24,0.00Y
1951-11-25,0.00Y
1951-11-26,0.00Y
1951-11-27,0.00Y
1951-11-28,0.00Y
1951-11-29,0.00Y
1951-11-30,0.00Y
1951-11-31,-9999.99M
1951-12-01,0.00Y
1951-12-02,0.00Y
1951-12-03,0.00Y
1951-12-04,0.00Y
1951-12-05,0.00Y
1951-12-06,0.00Y
1951-12-07,0.00Y
1951-12-08,0.00Y
1951-12-09,0.00Y
1951-12-10,0.00Y
1951-12-11,0.00Y
1951-12-12,0.00Y
1951-12-13,0.00Y
1951-12-14,0.00Y
1951-12-15,0.00Y
1951-12-16,0.00Y
1951-12-17,0.00Y
1951-12-18,0.00Y
1951-12-19,0.00Y
1951-12-20,0.00Y
1951-12-21,0.51Y
1951-12-22,0.00Y
1951-12-23,0.00Y
1951-12-24,0.00Y
1951-12-25,0.00Y
1951-12-26,0.00Y
1951-12-27,0.00Y
1951-12-28,0.00Y
1951-12-29,0.00Y
1951-12-30,0.00Y
1951-12-31,0.00Y
1952-01-01,0.72Y
1952-01-02,0.00Y
1952-01-03,0.00Y
1952-01-04,0.00Y
1952-01-05,0.00Y
1952-01-06,0.00Y
1952-01-07,0.00Y
1952-01-08,0.00Y
1952-01-09,0.00Y
1952-01-10,0.00Y
1952-01-11,0.00Y
1952-01-12,0.00Y
1952-01-13,0.00Y
1952-01-14,0.00Y
1952-01-15,0.00Y
1952-01-16,3.04Y
1952-01-17,0.00Y
1952-01-18,0.00Y
1952-01-19,0.00Y
1952-01-20,0.00Y
1952-01-21,0.00Y
1952-01-22,0.00Y
1952-01-23,2.73Y
1952-01-24,0.00Y
1952-01-25,0.00Y
1952-01-26,0.00Y
1952-01-27,0.00Y
1952-01-28,0.00Y
1952-01-29,0.00Y
1952-01-30,0.00Y
1952-01-31,0.00Y
1952-02-01,0.00Y
1952-02-02,0.00Y
1952-02-03,0.00Y
1952-02-04,0.00Y
1952-02-05,0.51Y
1952-02-06,0.00Y
1952-02-07,0.00Y
1952-02-08,0.00Y
1952-02-09,0.00Y
1952-02-10,0.00Y
1952-02-11,0.00Y
1952-02-12,0.00Y
1952-02-13,0.00Y
1952-02-14,0.00Y
1952-02-15,0.00Y
1952-02-16,0.00Y
1952-02-17,0.00Y
1952-02-18,0.00Y
1952-02-19,0.00Y
1952-02-20,0.00Y
1952-02-21,0.00Y
1952-02-22,0.00Y
1952-02-23,0.00Y
1952-02-24,0.00Y
1952-02-25,0.00Y
1952-02-26,0.00Y
1952-02-27,0.00Y
1952-02-28,0.00Y
1952-02-29,0.00Y
1952-02-30,-9999.99M
1952-02-31,-9999.99M
1952-03-01,0.00Y
1952-03-02,0.00Y
1952-03-03,0.00Y
1952-03-04,0.72Y
1952-03-05,4.85Y
1952-03-06,0.00Y
1952-03-07,0.00Y
1952-03-08,0.00Y
1952-03-09,0.00Y
1952-03-10,0.00Y
1952-03-11,0.00Y
1952-03-12,0.00Y
1952-03-13,0.00Y
1952-03-14,0.00Y
1952-03-15,0.00Y
1952-03-16,0.00Y
1952-03-17,0.00Y
1952-03-18,0.00Y
1952-03-19,0.00Y
1952-03-20,0.00Y
1952-03-21,2.23Y
1952-03-22,0.00Y
1952-03-23,0.00Y
1952-03-24,0.00Y
1952-03-25,0.00Y
1952-03-26,0.00Y
1952-03-27,0.00Y
1952-03-28,0.00Y
1952-03-29,0.00Y
1952-03-30,0.00Y
1952-03-31,0.00Y
1952-04-01,0.00Y
1952-04-02,1.52Y
1952-04-03,0.00Y
1952-04-04,0.00Y
1952-04-05,0.00Y
1952-04-06,0.00Y
1952-04-07,0.00Y
1952-04-08,1.52Y
1952-04-09,0.00Y
1952-04-10,0.00Y
1952-04-11,0.51Y
1952-04-12,0.00Y
1952-04-13,0.00Y
1952-04-14,0.00Y
1952-04-15,0.00Y
1952-04-16,0.00Y
1952-04-17,0.00Y
1952-04-18,0.00Y
1952-04-19,2.53Y
1952-04-20,0.00Y
1952-04-21,2.73Y
1952-04-22,0.00Y
1952-04-23,0.00Y
1952-04-24,0.00Y
1952-04-25,0.00Y
1952-04-26,0.00Y
1952-04-27,0.00Y
1952-04-28,0.00Y
1952-04-29,5.05Y
1952-04-30,5.86Y
1952-04-31,-9999.99M
1952-05-01,0.51Y
1952-05-02,0.00Y
1952-05-03,2.03Y
1952-05-04,0.00Y
1952-05-05,0.00Y
1952-05-06,0.00Y
1952-05-07,28.86Y
1952-05-08,6.67Y
1952-05-09,15.55Y
1952-05-10,0.51Y
1952-05-11,0.00Y
1952-05-12,8.38Y
1952-05-13,1.02Y
1952-05-14,0.51Y
1952-05-15,0.72Y
1952-05-16,0.00Y
1952-05-17,0.00Y
1952-05-18,0.00Y
1952-05-19,0.00Y
1952-05-20,0.00Y
1952-05-21,16.35Y
1952-05-22,1.02Y
1952-05-23,0.00Y
1952-05-24,0.00Y
1952-05-25,0.51Y
1952-05-26,14.03Y
1952-05-27,2.23Y
1952-05-28,3.54Y
1952-05-29,5.36Y
1952-05-30,0.00Y
1952-05-31,0.00Y
1952-06-01,0.51Y
1952-06-02,36.33Y
1952-06-03,0.51Y
1952-06-04,0.00Y
1952-06-05,0.00Y
1952-06-06,17.87Y
1952-06-07,17.36Y
1952-06-08,3.24Y
1952-06-09,5.56Y
1952-06-10,3.54Y
1952-06-11,0.72Y
1952-06-12,0.00Y
1952-06-13,0.00Y
1952-06-14,1.73Y
1952-06-15,11.71Y
1952-06-16,0.00Y
1952-06-17,9.19Y
1952-06-18,4.85Y
1952-06-19,6.37Y
1952-06-20,1.02Y
1952-06-21,0.00Y
1952-06-22,0.00Y
1952-06-23,0.00Y
1952-06-24,0.00Y
1952-06-25,1.73Y
1952-06-26,18.87Y
1952-06-27,1.02Y
1952-06-28,0.00Y
1952-06-29,0.00Y
1952-06-30,0.00Y
1952-06-31,-9999.99M
1952-07-01,0.00Y
1952-07-02,2.73Y
1952-07-03,2.03Y
1952-07-04,0.72Y
1952-07-05,0.00Y
1952-07-06,0.00Y
1952-07-07,0.00Y
1952-07-08,0.00Y
1952-07-09,0.00Y
1952-07-10,0.51Y
1952-07-11,0.51Y
1952-07-12,10.00Y
1952-07-13,0.00Y
1952-07-14,5.86Y
1952-07-15,1.52Y
1952-07-16,0.00Y
1952-07-17,0.00Y
1952-07-18,3.24Y
1952-07-19,13.83Y
1952-07-20,0.00Y
1952-07-21,0.00Y
1952-07-22,3.04Y
1952-07-23,0.00Y
1952-07-24,0.51Y
1952-07-25,0.00Y
1952-07-26,0.00Y
1952-07-27,0.00Y
1952-07-28,1.22Y
1952-07-29,0.00Y
1952-07-30,2.23Y
1952-07-31,0.51Y
1952-08-01,0.00Y
1952-08-02,0.00Y
1952-08-03,0.00Y
1952-08-04,4.05Y
1952-08-05,4.35Y
1952-08-06,0.00Y
1952-08-07,2.23Y
1952-08-08,0.00Y
1952-08-09,2.03Y
1952-08-10,0.00Y
1952-08-11,0.00Y
1952-08-12,6.37Y
1952-08-13,0.00Y
1952-08-14,0.00Y
1952-08-15,0.00Y
1952-08-16,1.73Y
1952-08-17,8.89Y
1952-08-18,0.00Y
1952-08-19,0.51Y
1952-08-20,0.00Y
1952-08-21,4.05Y
1952-08-22,6.67Y
1952-08-23,0.72Y
1952-08-24,1.02Y
1952-08-25,0.00Y
1952-08-26,0.00Y
1952-08-27,0.00Y
1952-08-28,0.00Y
1952-08-29,0.00Y
1952-08-30,0.00Y
1952-08-31,0.00Y
1952-09-01,0.00Y
1952-09-02,15.85Y
1952-09-03,15.55Y
1952-09-04,0.00Y
1952-09-05,0.51Y
1952-09-06,2.73Y
1952-09-07,0.00Y
1952-09-08,0.72Y
1952-09-09,0.00Y
1952-09-10,0.00Y
1952-09-11,4.85Y
1952-09-12,1.52Y
1952-09-13,1.02Y
1952-09-14,0.00Y
1952-09-15,8.18Y
1952-09-16,2.73Y
1952-09-17,0.00Y
1952-09-18,0.00Y
1952-09-19,9.39Y
1952-09-20,0.00Y
1952-09-21,0.00Y
1952-09-22,0.00Y
1952-09-23,0.00Y
1952-09-24,0.00Y
1952-09-25,1.73Y
1952-09-26,3.04Y
1952-09-27,0.00Y
1952-09-28,0.00Y
1952-09-29,0.00Y
1952-09-30,0.00Y
1952-09-31,-9999.99M
1952-10-01,0.00Y
1952-10-02,0.00Y
1952-10-03,65.58Y
1952-10-04,14.54Y
1952-10-05,1.73Y
1952-10-06,4.05Y
1952-10-07,0.00Y
1952-10-08,0.00Y
1952-10-09,0.00Y
1952-10-10,0.00Y
1952-10-11,0.00Y
1952-10-12,0.00Y
1952-10-13,2.53Y
1952-10-14,1.52Y
1952-10-15,3.54Y
1952-10-16,0.00Y
1952-10-17,0.00Y
1952-10-18,0.00Y
1952-10-19,0.00Y
1952-10-20,0.00Y
1952-10-21,0.00Y
1952-10-22,0.51Y
1952-10-23,2.23Y
1952-10-24,1.02Y
1952-10-25,0.00Y
1952-10-26,0.00Y
1952-10-27,3.04Y
1952-10-28,7.88Y
1952-10-29,0.00Y
1952-10-30,0.00Y
1952-10-31,2.73Y
1952-11-01,2.73Y
1952-11-02,0.51Y
1952-11-03,5.86Y
1952-11-04,0.00Y
1952-11-05,0.00Y
1952-11-06,0.00Y
1952-11-07,0.00Y
1952-11-08,0.00Y
1952-11-09,0.00Y
1952-11-10,0.00Y
1952-11-11,0.00Y
1952-11-12,0.00Y
1952-11-13,0.00Y
1952-11-14,0.00Y
1952-11-15,0.00Y
1952-11-16,0.00Y
1952-11-17,0.00Y
1952-11-18,0.00Y
1952-11-19,0.00Y
1952-11-20,0.00Y
1952-11-21,0.00Y
1952-11-22,0.51Y
1952-11-23,6.06Y
1952-11-24,11.21Y
1952-11-25,0.00Y
1952-11-26,0.72Y
1952-11-27,2.53Y
1952-11-28,0.00Y
1952-11-29,0.00Y
1952-11-30,0.00Y
1952-11-31,-9999.99M
1952-12-01,0.00Y
1952-12-02,0.00Y
1952-12-03,0.00Y
1952-12-04,0.00Y
1952-12-05,0.00Y
1952-12-06,0.00Y
1952-12-07,0.00Y
1952-12-08,0.00Y
1952-12-09,0.00Y
1952-12-10,0.72Y
1952-12-11,0.72Y
1952-12-12,19.18Y
1952-12-13,0.72Y
1952-12-14,0.00Y
1952-12-15,0.00Y
1952-12-16,0.00Y
1952-12-17,0.00Y
1952-12-18,0.00Y
1952-12-19,0.00Y
1952-12-20,0.00Y
1952-12-21,0.00Y
1952-12-22,0.00Y
1952-12-23,0.00Y
1952-12-24,5.86Y
1952-12-25,3.24Y
1952-12-26,0.00Y
1952-12-27,0.00Y
1952-12-28,0.00Y
1952-12-29,0.00Y
1952-12-30,0.00Y
1952-12-31,0.00Y
1953-01-01,0.00Y
1953-01-02,0.00Y
1953-01-03,1.02Y
1953-01-04,0.72Y
1953-01-05,0.00Y
1953-01-06,0.00Y
1953-01-07,0.00Y
1953-01-08,0.00Y
1953-01-09,0.00Y
1953-01-10,0.00Y
1953-01-11,13.02Y
1953-01-12,0.00Y
1953-01-13,0.00Y
1953-01-14,0.00Y
1953-01-15,0.51Y
1953-01-16,3.54Y
1953-01-17,0.00Y
1953-01-18,0.00Y
1953-01-19,0.00Y
1953-01-20,0.00Y
1953-01-21,0.00Y
1953-01-22,0.00Y
1953-01-23,0.00Y
1953-01-24,6.87Y
1953-01-25,1.22Y
1953-01-26,0.00Y
1953-01-27,0.00Y
1953-01-28,0.00Y
1953-01-29,0.00Y
1953-01-30,0.00Y
1953-01-31,0.00Y
1953-02-01,5.36Y
1953-02-02,0.00Y
1953-02-03,0.00Y
1953-02-04,0.00Y
1953-02-05,0.00Y
1953-02-06,0.00Y
1953-02-07,11.01Y
1953-02-08,0.00Y
1953-02-09,0.00Y
1953-02-10,0.00Y
1953-02-11,0.00Y
1953-02-12,0.00Y
1953-02-13,0.00Y
1953-02-14,0.00Y
1953-02-15,0.00Y
1953-02-16,0.00Y
1953-02-17,0.00Y
1953-02-18,0.00Y
1953-02-19,0.00Y
1953-02-20,0.51Y
1953-02-21,2.23Y
1953-02-22,0.00Y
1953-02-23,0.00Y
1953-02-24,0.00Y
1953-02-25,0.00Y
1953-02-26,2.73Y
1953-02-27,7.17Y
1953-02-28,0.00Y
1953-02-29,-9999.99M
1953-02-30,-9999.99M
1953-02-31,-9999.99M
1953-03-01,0.00Y
1953-03-02,0.00Y
1953-03-03,0.00Y
1953-03-04,1.02Y
1953-03-05,0.00Y
1953-03-06,0.00Y
1953-03-07,0.00Y
1953-03-08,0.00Y
1953-03-09,0.00Y
1953-03-10,0.00Y
1953-03-11,0.00Y
1953-03-12,0.00Y
1953-03-13,0.00Y
1953-03-14,0.00Y
1953-03-15,0.00Y
1953-03-16,0.00Y
1953-03-17,0.00Y
1953-03-18,0.00Y
1953-03-19,0.00Y
1953-03-20,0.00Y
1953-03-21,0.00Y
1953-03-22,0.00Y
1953-03-23,16.05Y
1953-03-24,22.81Y
1953-03-25,7.68Y
1953-03-26,0.00Y
1953-03-27,1.22Y
1953-03-28,0.00Y
1953-03-29,0.00Y
1953-03-30,33.30Y
1953-03-31,0.72Y
1953-04-01,0.72Y
1953-04-02,1.02Y
1953-04-03,0.00Y
1953-04-04,0.00Y
1953-04-05,0.51Y
1953-04-06,0.00Y
1953-04-07,0.00Y
1953-04-08,0.00Y
1953-04-09,0.00Y
1953-04-10,0.72Y
1953-04-11,6.67Y
1953-04-12,0.72Y
1953-04-13,0.51Y
1953-04-14,14.84Y
1953-04-15,0.00Y
1953-04-16,0.00Y
1953-04-17,0.00Y
1953-04-18,5.36Y
1953-04-19,0.51Y
1953-04-20,0.51Y
1953-04-21,0.72Y
1953-04-22,0.00Y
1953-04-23,2.23Y
1953-04-24,0.00Y
1953-04-25,0.00Y
1953-04-26,0.00Y
1953-04-27,14.54Y
1953-04-28,0.51Y
1953-04-29,0.00Y
1953-04-30,0.00Y
1953-04-31,-9999.99M
1953-05-01,0.00Y
1953-05-02,0.00Y
1953-05-03,0.00Y
1953-05-04,0.00Y
1953-05-05,0.00Y
1953-05-06,4.05Y
1953-05-07,0.00Y
1953-05-08,0.72Y
1953-05-09,0.72Y
1953-05-10,0.72Y
1953-05-11,6.87Y
1953-05-12,0.00Y
1953-05-13,2.73Y
1953-05-14,6.67Y
1953-05-15,20.99Y
1953-05-16,0.00Y
1953-05-17,14.34Y
1953-05-18,35.62Y
1953-05-19,3.54Y
1953-05-20,0.00Y
1953-05-21,0.00Y
1953-05-22,2.53Y
1953-05-23,3.04Y
1953-05-24,0.72Y
1953-05-25,0.00Y
1953-05-26,0.00Y
1953-05-27,0.00Y
1953-05-28,0.00Y
1953-05-29,0.00Y
1953-05-30,0.00Y
1953-05-31,0.00Y
1953-06-01,0.00Y
1953-06-02,4.35Y
1953-06-03,0.00Y
1953-06-04,0.00Y
1953-06-05,11.71Y
1953-06-06,2.73Y
1953-06-07,3.54Y
1953-06-08,0.00Y
1953-06-09,1.52Y
1953-06-10,4.35Y
1953-06-11,1.02Y
1953-06-12,0.00Y
1953-06-13,0.00Y
1953-06-14,0.00Y
1953-06-15,0.00Y
1953-06-16,0.00Y
1953-06-17,1.02Y
1953-06-18,2.23Y
1953-06-19,0.00Y
1953-06-20,0.00Y
1953-06-21,7.37Y
1953-06-22,0.00Y
1953-06-23,0.00Y
1953-06-24,0.00Y
1953-06-25,0.51Y
1953-06-26,2.03Y
1953-06-27,0.00Y
1953-06-28,2.53Y
1953-06-29,0.00Y
1953-06-30,0.51Y
1953-06-31,-9999.99M
1953-07-01,34.81Y
1953-07-02,0.00Y
1953-07-03,3.04Y
1953-07-04,0.00Y
1953-07-05,0.00Y
1953-07-06,13.83Y
1953-07-07,0.51Y
1953-07-08,0.00Y
1953-07-09,1.22Y
1953-07-10,0.00Y
1953-07-11,0.00Y
1953-07-12,0.00Y
1953-07-13,17.66Y
1953-07-14,0.00Y
1953-07-15,0.00Y
1953-07-16,0.00Y
1953-07-17,0.00Y
1953-07-18,0.00Y
1953-07-19,1.22Y
1953-07-20,0.00Y
1953-07-21,0.00Y
1953-07-22,2.03Y
1953-07-23,5.05Y
1953-07-24,0.51Y
1953-07-25,0.00Y
1953-07-26,0.00Y
1953-07-27,0.00Y
1953-07-28,0.00Y
1953-07-29,0.00Y
1953-07-30,0.00Y
1953-07-31,5.56Y
1953-08-01,0.00Y
1953-08-02,0.00Y
1953-08-03,0.00Y
1953-08-04,1.02Y
1953-08-05,3.84Y
1953-08-06,0.00Y
1953-08-07,0.00Y
1953-08-08,0.00Y
1953-08-09,0.51Y
1953-08-10,0.00Y
1953-08-11,21.70Y
1953-08-12,0.72Y
1953-08-13,0.00Y
1953-08-14,0.00Y
1953-08-15,0.00Y
1953-08-16,0.00Y
1953-08-17,0.00Y
1953-08-18,5.36Y
1953-08-19,2.73Y
1953-08-20,0.00Y
1953-08-21,0.00Y
1953-08-22,0.00Y
1953-08-23,5.36Y
1953-08-24,0.00Y
1953-08-25,1.02Y
1953-08-26,0.00Y
1953-08-27,0.00Y
1953-08-28,14.03Y
1953-08-29,7.88Y
1953-08-30,11.51Y
1953-08-31,0.00Y
1953-09-01,0.00Y
1953-09-02,0.00Y
1953-09-03,1.73Y
1953-09-04,0.00Y
1953-09-05,0.51Y
1953-09-06,0.00Y
1953-09-07,22.81Y
1953-09-08,0.00Y
1953-09-09,0.00Y
1953-09-10,0.00Y
1953-09-11,0.00Y
1953-09-12,2.53Y
1953-09-13,0.00Y
1953-09-14,0.00Y
1953-09-15,0.00Y
1953-09-16,0.00Y
1953-09-17,0.00Y
1953-09-18,0.00Y
1953-09-19,0.00Y
1953-09-20,0.00Y
1953-09-21,5.05Y
1953-09-22,0.00Y
1953-09-23,0.00Y
1953-09-24,0.00Y
1953-09-25,0.00Y
1953-09-26,2.73Y
1953-09-27,1.73Y
1953-09-28,0.00Y
1953-09-29,0.00Y
1953-09-30,0.00Y
1953-09-31,-9999.99M
1953-10-01,0.00Y
1953-10-02,0.00Y
1953-10-03,0.00Y
1953-10-04,2.23Y
1953-10-05,0.00Y
1953-10-06,0.00Y
1953-10-07,10.00Y
1953-10-08,0.51Y
1953-10-09,5.56Y
1953-10-10,4.55Y
1953-10-11,0.00Y
1953-10-12,0.00Y
1953-10-13,0.00Y
1953-10-14,0.00Y
1953-10-15,0.00Y
1953-10-16,0.00Y
1953-10-17,0.00Y
1953-10-18,0.00Y
1953-10-19,0.00Y
1953-10-20,0.51Y
1953-10-21,0.00Y
1953-10-22,0.00Y
1953-10-23,0.00Y
1953-10-24,0.00Y
1953-10-25,0.51Y
1953-10-26,3.24Y
1953-10-27,4.55Y
1953-10-28,19.18Y
1953-10-29,9.69Y
1953-10-30,0.00Y
1953-10-31,0.00Y
1953-11-01,0.00Y
1953-11-02,5.36Y
1953-11-03,12.01Y
1953-11-04,0.72Y
1953-11-05,0.00Y
1953-11-06,0.00Y
1953-11-07,26.64Y
1953-11-08,3.84Y
1953-11-09,0.51Y
1953-11-10,0.00Y
1953-11-11,0.00Y
1953-11-12,0.00Y
1953-11-13,0.00Y
1953-11-14,0.72Y
1953-11-15,2.23Y
1953-11-16,1.52Y
1953-11-17,3.24Y
1953-11-18,0.00Y
1953-11-19,0.00Y
1953-11-20,0.00Y
1953-11-21,0.00Y
1953-11-22,4.35Y
1953-11-23,4.55Y
1953-11-24,8.38Y
1953-11-25,0.00Y
1953-11-26,0.00Y
1953-11-27,0.00Y
1953-11-28,0.00Y
1953-11-29,0.00Y
1953-11-30,0.00Y
1953-11-31,-9999.99M
1953-12-01,0.00Y
1953-12-02,0.00Y
1953-12-03,0.00Y
1953-12-04,12.01Y
1953-12-05,2.53Y
1953-12-06,24.83Y
1953-12-07,5.56Y
1953-12-08,0.00Y
1953-12-09,0.00Y
1953-12-10,0.00Y
1953-12-11,0.00Y
1953-12-12,0.00Y
1953-12-13,0.00Y
1953-12-14,0.00Y
1953-12-15,0.00Y
1953-12-16,0.00Y
1953-12-17,0.00Y
1953-12-18,0.00Y
1953-12-19,0.00Y
1953-12-20,0.00Y
1953-12-21,0.00Y
1953-12-22,0.00Y
1953-12-23,0.00Y
1953-12-24,0.00Y
1953-12-25,0.00Y
1953-12-26,0.00Y
1953-12-27,0.00Y
1953-12-28,0.00Y
1953-12-29,0.00Y
1953-12-30,0.00Y
1953-12-31,0.00Y
1954-01-01,0.00Y
1954-01-02,0.00Y
1954-01-03,0.00Y
1954-01-04,0.00Y
1954-01-05,0.00Y
1954-01-06,0.00Y
1954-01-07,0.00Y
1954-01-08,0.00Y
1954-01-09,0.00Y
1954-01-10,0.00Y
1954-01-11,0.00Y
1954-01-12,0.00Y
1954-01-13,0.00Y
1954-01-14,0.00Y
1954-01-15,0.00Y
1954-01-16,0.00Y
1954-01-17,0.00Y
1954-01-18,0.00Y
1954-01-19,0.00Y
1954-01-20,0.00Y
1954-01-21,0.00Y
1954-01-22,0.00Y
1954-01-23,0.00Y
1954-01-24,0.00Y
1954-01-25,0.00Y
1954-01-26,0.00Y
1954-01-27,0.00Y
1954-01-28,0.00Y
1954-01-29,0.00Y
1954-01-30,0.00Y
1954-01-31,0.00Y
1954-02-01,0.00Y
1954-02-02,-9999.99M
1954-02-03,-9999.99M
1954-02-04,-9999.99M
1954-02-05,-9999.99M
1954-02-06,-9999.99M
1954-02-07,-9999.99M
1954-02-08,-9999.99M
1954-02-09,0.00Y
1954-02-10,0.00Y
1954-02-11,-9999.99M
1954-02-12,-9999.99M
1954-02-13,0.00Y
1954-02-14,-9999.99M
1954-02-15,-9999.99M
1954-02-16,-9999.99M
1954-02-17,0.00Y
1954-02-18,0.00Y
1954-02-19,0.00Y
1954-02-20,0.00Y
1954-02-21,0.00Y
1954-02-22,0.00Y
1954-02-23,-9999.99M
1954-02-24,-9999.99M
1954-02-25,-9999.99M
1954-02-26,-9999.99M
1954-02-27,-9999.99M
1954-02-28,0.00Y
1954-02-29,-9999.99M
1954-02-30,-9999.99M
1954-02-31,-9999.99M
1954-03-01,0.00Y
1954-03-02,-9999.99M
1954-03-03,-9999.99M
1954-03-04,-9999.99M
1954-03-05,-9999.99M
1954-03-06,0.00Y
1954-03-07,0.00Y
1954-03-08,0.00Y
1954-03-09,0.00Y
1954-03-10,-9999.99M
1954-03-11,-9999.99M
1954-03-12,0.00Y
1954-03-13,-9999.99M
1954-03-14,-9999.99M
1954-03-15,0.00Y
1954-03-16,0.00Y
1954-03-17,0.00Y
1954-03-18,-9999.99M
1954-03-19,0.00Y
1954-03-20,-9999.99M
1954-03-21,-9999.99M
1954-03-22,0.00Y
1954-03-23,0.00Y
1954-03-24,0.00Y
1954-03-25,-9999.99M
1954-03-26,-9999.99M
1954-03-27,0.00Y
1954-03-28,-9999.99M
1954-03-29,-9999.99M
1954-03-30,0.00Y
1954-03-31,0.00Y
1954-04-01,0.00Y
1954-04-02,0.00Y
1954-04-03,0.00Y
1954-04-04,0.00Y
1954-04-05,0.00Y
1954-04-06,13.33Y
1954-04-07,0.00Y
1954-04-08,0.72Y
1954-04-09,4.35Y
1954-04-10,0.00Y
1954-04-11,5.86Y
1954-04-12,0.00Y
1954-04-13,0.00Y
1954-04-14,0.00Y
1954-04-15,0.00Y
1954-04-16,13.02Y
1954-04-17,37.84Y
1954-04-18,1.22Y
1954-04-19,0.51Y
1954-04-20,0.00Y
1954-04-21,0.00Y
1954-04-22,2.73Y
1954-04-23,0.00Y
1954-04-24,0.00Y
1954-04-25,4.55Y
1954-04-26,0.00Y
1954-04-27,0.00Y
1954-04-28,0.00Y
1954-04-29,0.00Y
1954-04-30,0.00Y
1954-04-31,-9999.99M
1954-05-01,0.00Y
1954-05-02,1.52Y
1954-05-03,0.00Y
1954-05-04,0.00Y
1954-05-05,2.23Y
1954-05-06,3.84Y
1954-05-07,6.06Y
1954-05-08,0.72Y
1954-05-09,0.72Y
1954-05-10,16.05Y
1954-05-11,8.18Y
1954-05-12,0.72Y
1954-05-13,0.00Y
1954-05-14,0.00Y
1954-05-15,3.54Y
1954-05-16,0.00Y
1954-05-17,8.69Y
1954-05-18,0.51Y
1954-05-19,0.00Y
1954-05-20,0.00Y
1954-05-21,3.04Y
1954-05-22,0.51Y
1954-05-23,0.00Y
1954-05-24,3.84Y
1954-05-25,10.00Y
1954-05-26,0.51Y
1954-05-27,0.00Y
1954-05-28,1.02Y
1954-05-29,3.54Y
1954-05-30,1.22Y
1954-05-31,0.00Y
1954-06-01,0.00Y
1954-06-02,18.17Y
1954-06-03,1.52Y
1954-06-04,0.51Y
1954-06-05,10.20Y
1954-06-06,10.00Y
1954-06-07,3.24Y
1954-06-08,0.00Y
1954-06-09,0.00Y
1954-06-10,0.51Y
1954-06-11,0.00Y
1954-06-12,0.00Y
1954-06-13,0.00Y
1954-06-14,0.00Y
1954-06-15,0.00Y
1954-06-16,0.00Y
1954-06-17,0.00Y
1954-06-18,0.00Y
1954-06-19,0.00Y
1954-06-20,3.04Y
1954-06-21,3.54Y
1954-06-22,13.02Y
1954-06-23,3.54Y
1954-06-24,7.68Y
1954-06-25,0.51Y
1954-06-26,0.00Y
1954-06-27,3.84Y
1954-06-28,17.87Y
1954-06-29,1.73Y
1954-06-30,20.69Y
1954-06-31,-9999.99M
1954-07-01,-9999.99M
1954-07-02,-9999.99M
1954-07-03,-9999.99M
1954-07-04,-9999.99M
1954-07-05,-9999.99M
1954-07-06,-9999.99M
1954-07-07,-9999.99M
1954-07-08,-9999.99M
1954-07-09,-9999.99M
1954-07-10,-9999.99M
1954-07-11,-9999.99M
1954-07-12,-9999.99M
1954-07-13,-9999.99M
1954-07-14,-9999.99M
1954-07-15,-9999.99M
1954-07-16,-9999.99M
1954-07-17,-9999.99M
1954-07-18,-9999.99M
1954-07-19,-9999.99M
1954-07-20,-9999.99M
1954-07-21,-9999.99M
1954-07-22,-9999.99M
1954-07-23,-9999.99M
1954-07-24,-9999.99M
1954-07-25,-9999.99M
1954-07-26,-9999.99M
1954-07-27,-9999.99M
1954-07-28,-9999.99M
1954-07-29,-9999.99M
1954-07-30,-9999.99M
1954-07-31,-9999.99M
1954-08-01,0.00Y
1954-08-02,0.00Y
1954-08-03,4.85Y
1954-08-04,48.13Y
1954-08-05,13.02Y
1954-08-06,0.00Y
1954-08-07,5.36Y
1954-08-08,0.51Y
1954-08-09,0.00Y
1954-08-10,19.18Y
1954-08-11,14.54Y
1954-08-12,24.83Y
1954-08-13,0.51Y
1954-08-14,0.51Y
1954-08-15,1.22Y
1954-08-16,18.17Y
1954-08-17,1.73Y
1954-08-18,0.00Y
1954-08-19,0.51Y
1954-08-20,0.00Y
1954-08-21,0.00Y
1954-08-22,0.00Y
1954-08-23,3.04Y
1954-08-24,2.53Y
1954-08-25,13.02Y
1954-08-26,0.00Y
1954-08-27,0.00Y
1954-08-28,0.00Y
1954-08-29,0.00Y
1954-08-30,0.00Y
1954-08-31,5.56Y
1954-09-01,-9999.99M
1954-09-02,-9999.99M
1954-09-03,-9999.99M
1954-09-04,-9999.99M
1954-09-05,-9999.99M
1954-09-06,-9999.99M
1954-09-07,-9999.99M
1954-09-08,-9999.99M
1954-09-09,-9999.99M
1954-09-10,-9999.99M
1954-09-11,-9999.99M
1954-09-12,-9999.99M
1954-09-13,-9999.99M
1954-09-14,-9999.99M
1954-09-15,-9999.99M
1954-09-16,-9999.99M
1954-09-17,-9999.99M
1954-09-18,-9999.99M
1954-09-19,-9999.99M
1954-09-20,-9999.99M
1954-09-21,-9999.99M
1954-09-22,-9999.99M
1954-09-23,-9999.99M
1954-09-24,-9999.99M
1954-09-25,-9999.99M
1954-09-26,-9999.99M
1954-09-27,-9999.99M
1954-09-28,-9999.99M
1954-09-29,-9999.99M
1954-09-30,-9999.99M
1954-09-31,-9999.99M
1954-10-01,10.50Y
1954-10-02,0.00Y
1954-10-03,1.22Y
1954-10-04,0.00Y
1954-10-05,0.00Y
1954-10-06,0.00Y
1954-10-07,0.00Y
1954-10-08,0.00Y
1954-10-09,0.00Y
1954-10-10,0.00Y
1954-10-11,18.67Y
1954-10-12,16.86Y
1954-10-13,1.22Y
1954-10-14,0.00Y
1954-10-15,0.00Y
1954-10-16,11.21Y
1954-10-17,4.05Y
1954-10-18,0.00Y
1954-10-19,0.00Y
1954-10-20,0.00Y
1954-10-21,7.88Y
1954-10-22,5.56Y
1954-10-23,1.22Y
1954-10-24,0.00Y
1954-10-25,0.00Y
1954-10-26,0.00Y
1954-10-27,14.03Y
1954-10-28,0.00Y
1954-10-29,10.00Y
1954-10-30,10.50Y
1954-10-31,0.00Y
1954-11-01,0.00Y
1954-11-02,0.00Y
1954-11-03,0.00Y
1954-11-04,18.17Y
1954-11-05,0.51Y
1954-11-06,0.00Y
1954-11-07,0.00Y
1954-11-08,0.00Y
1954-11-09,0.00Y
1954-11-10,0.00Y
1954-11-11,0.00Y
1954-11-12,0.00Y
1954-11-13,0.00Y
1954-11-14,0.00Y
1954-11-15,0.00Y
1954-11-16,0.00Y
1954-11-17,0.00Y
1954-11-18,0.00Y
1954-11-19,0.00Y
1954-11-20,3.04Y
1954-11-21,13.53Y
1954-11-22,10.50Y
1954-11-23,0.00Y
1954-11-24,0.00Y
1954-11-25,0.00Y
1954-11-26,0.00Y
1954-11-27,0.00Y
1954-11-28,1.22Y
1954-11-29,0.00Y
1954-11-30,0.00Y
1954-11-31,-9999.99M
1954-12-01,-9999.99M
1954-12-02,0.00Y
1954-12-03,0.00Y
1954-12-04,-9999.99M
1954-12-05,-9999.99M
1954-12-06,-9999.99M
1954-12-07,-9999.99M
1954-12-08,0.00Y
1954-12-09,0.00Y
1954-12-10,-9999.99M
1954-12-11,-9999.99M
1954-12-12,0.00Y
1954-12-13,0.00Y
1954-12-14,0.00Y
1954-12-15,0.00Y
1954-12-16,-9999.99M
1954-12-17,0.00Y
1954-12-18,-9999.99M
1954-12-19,0.00Y
1954-12-20,0.00Y
1954-12-21,-9999.99M
1954-12-22,0.00Y
1954-12-23,0.00Y
1954-12-24,-9999.99M
1954-12-25,-9999.99M
1954-12-26,0.00Y
1954-12-27,0.00Y
1954-12-28,-9999.99M
1954-12-29,0.00Y
1954-12-30,-9999.99M
1954-12-31,-9999.99M
1955-01-01,0.00Y
1955-01-02,0.00Y
1955-01-03,0.00Y
1955-01-04,0.00Y
1955-01-05,0.00Y
1955-01-06,35.62Y
1955-01-07,6.67Y
1955-01-08,0.00Y
1955-01-09,0.00Y
1955-01-10,3.84Y
1955-01-11,0.00Y
1955-01-12,0.00Y
1955-01-13,0.00Y
1955-01-14,0.00Y
1955-01-15,1.22Y
1955-01-16,0.00Y
1955-01-17,0.00Y
1955-01-18,0.00Y
1955-01-19,0.00Y
1955-01-20,2.73Y
1955-01-21,0.00Y
1955-01-22,0.00Y
1955-01-23,0.00Y
1955-01-24,0.00Y
1955-01-25,0.00Y
1955-01-26,0.00Y
1955-01-27,0.00Y
1955-01-28,0.00Y
1955-01-29,0.00Y
1955-01-30,0.00Y
1955-01-31,0.00Y
1955-02-01,-9999.99M
1955-02-02,-9999.99M
1955-02-03,-9999.99M
1955-02-04,-9999.99M
1955-02-05,-9999.99M
1955-02-06,-9999.99M
1955-02-07,-9999.99M
1955-02-08,-9999.99M
1955-02-09,-9999.99M
1955-02-10,-9999.99M
1955-02-11,-9999.99M
1955-02-12,-9999.99M
1955-02-13,-9999.99M
1955-02-14,-9999.99M
1955-02-15,-9999.99M
1955-02-16,-9999.99M
1955-02-17,-9999.99M
1955-02-18,-9999.99M
1955-02-19,-9999.99M
1955-02-20,-9999.99M
1955-02-21,-9999.99M
1955-02-22,-9999.99M
1955-02-23,-9999.99M
1955-02-24,-9999.99M
1955-02-25,-9999.99M
1955-02-26,-9999.99M
1955-02-27,-9999.99M
1955-02-28,-9999.99M
1955-02-29,-9999.99M
1955-02-30,-9999.99M
1955-02-31,-9999.99M
1955-03-01,0.00Y
1955-03-02,0.00Y
1955-03-03,0.00Y
1955-03-04,0.00Y
1955-03-05,0.00Y
1955-03-06,0.00Y
1955-03-07,0.00Y
1955-03-08,0.00Y
1955-03-09,0.00Y
1955-03-10,0.00Y
1955-03-11,9.69Y
1955-03-12,0.00Y
1955-03-13,0.00Y
1955-03-14,0.00Y
1955-03-15,0.00Y
1955-03-16,0.00Y
1955-03-17,0.00Y
1955-03-18,0.00Y
1955-03-19,0.00Y
1955-03-20,0.00Y
1955-03-21,0.00Y
1955-03-22,0.00Y
1955-03-23,0.00Y
1955-03-24,0.00Y
1955-03-25,0.00Y
1955-03-26,0.00Y
1955-03-27,0.00Y
1955-03-28,0.00Y
1955-03-29,0.00Y
1955-03-30,0.00Y
1955-03-31,0.00Y
1955-04-01,0.00Y
1955-04-02,0.00Y
1955-04-03,0.00Y
1955-04-04,0.00Y
1955-04-05,0.00Y
1955-04-06,0.00Y
1955-04-07,0.00Y
1955-04-08,0.00Y
1955-04-09,0.00Y
1955-04-10,0.00Y
1955-04-11,0.00Y
1955-04-12,0.00Y
1955-04-13,0.00Y
1955-04-14,18.17Y
1955-04-15,9.39Y
1955-04-16,0.00Y
1955-04-17,1.22Y
1955-04-18,0.00Y
1955-04-19,0.00Y
1955-04-20,0.00Y
1955-04-21,0.00Y
1955-04-22,0.00Y
1955-04-23,0.00Y
1955-04-24,0.00Y
1955-04-25,0.00Y
1955-04-26,2.23Y
1955-04-27,6.67Y
1955-04-28,0.00Y
1955-04-29,0.00Y
1955-04-30,0.00Y
1955-04-31,-9999.99M
1955-05-01,0.00Y
1955-05-02,3.24Y
1955-05-03,0.00Y
1955-05-04,0.00Y
1955-05-05,1.52Y
1955-05-06,5.56Y
1955-05-07,0.72Y
1955-05-08,10.00Y
1955-05-09,2.03Y
1955-05-10,2.23Y
1955-05-11,0.00Y
1955-05-12,0.00Y
1955-05-13,0.00Y
1955-05-14,0.00Y
1955-05-15,0.51Y
1955-05-16,1.73Y
1955-05-17,2.23Y
1955-05-18,3.04Y
1955-05-19,3.84Y
1955-05-20,0.00Y
1955-05-21,0.51Y
1955-05-22,0.00Y
1955-05-23,6.06Y
1955-05-24,8.89Y
1955-05-25,0.72Y
1955-05-26,0.00Y
1955-05-27,7.37Y
1955-05-28,6.87Y
1955-05-29,12.01Y
1955-05-30,6.87Y
1955-05-31,6.87Y
1955-06-01,-9999.99M
1955-06-02,-9999.99M
1955-06-03,-9999.99M
1955-06-04,-9999.99M
1955-06-05,-9999.99M
1955-06-06,-9999.99M
1955-06-07,-9999.99M
1955-06-08,-9999.99M
1955-06-09,-9999.99M
1955-06-10,-9999.99M
1955-06-11,-9999.99M
1955-06-12,-9999.99M
1955-06-13,-9999.99M
1955-06-14,-9999.99M
1955-06-15,-9999.99M
1955-06-16,-9999.99M
1955-06-17,-9999.99M
1955-06-18,-9999.99M
1955-06-19,-9999.99M
1955-06-20,-9999.99M
1955-06-21,-9999.99M
1955-06-22,-9999.99M
1955-06-23,-9999.99M
1955-06-24,-9999.99M
1955-06-25,-9999.99M
1955-06-26,-9999.99M
1955-06-27,-9999.99M
1955-06-28,-9999.99M
1955-06-29,-9999.99M
1955-06-30,-9999.99M
1955-06-31,-9999.99M
1955-07-01,4.35Y
1955-07-02,0.51Y
1955-07-03,0.00Y
1955-07-04,0.72Y
1955-07-05,0.00Y
1955-07-06,0.00Y
1955-07-07,0.00Y
1955-07-08,0.00Y
1955-07-09,0.00Y
1955-07-10,0.00Y
1955-07-11,0.00Y
1955-07-12,0.00Y
1955-07-13,0.00Y
1955-07-14,0.00Y
1955-07-15,8.69Y
1955-07-16,4.35Y
1955-07-17,4.85Y
1955-07-18,0.00Y
1955-07-19,0.00Y
1955-07-20,0.00Y
1955-07-21,0.00Y
1955-07-22,17.36Y
1955-07-23,1.02Y
1955-07-24,0.00Y
1955-07-25,0.00Y
1955-07-26,1.52Y
1955-07-27,0.00Y
1955-07-28,0.00Y
1955-07-29,0.00Y
1955-07-30,0.00Y
1955-07-31,0.00Y
1955-08-01,-9999.99M
1955-08-02,-9999.99M
1955-08-03,-9999.99M
1955-08-04,-9999.99M
1955-08-05,-9999.99M
1955-08-06,-9999.99M
1955-08-07,-9999.99M
1955-08-08,-9999.99M
1955-08-09,-9999.99M
1955-08-10,-9999.99M
1955-08-11,-9999.99M
1955-08-12,-9999.99M
1955-08-13,-9999.99M
1955-08-14,-9999.99M
1955-08-15,-9999.99M
1955-08-16,-9999.99M
1955-08-17,-9999.99M
1955-08-18,-9999.99M
1955-08-19,-9999.99M
1955-08-20,-9999.99M
1955-08-21,-9999.99M
1955-08-22,-9999.99M
1955-08-23,-9999.99M
1955-08-24,-9999.99M
1955-08-25,-9999.99M
1955-08-26,-9999.99M
1955-08-27,-9999.99M
1955-08-28,-9999.99M
1955-08-29,-9999.99M
1955-08-30,-9999.99M
1955-08-31,-9999.99M
1955-09-01,0.00Y
1955-09-02,0.00Y
1955-09-03,0.00Y
1955-09-04,0.00Y
1955-09-05,0.00Y
1955-09-06,0.00Y
1955-09-07,0.51Y
1955-09-08,0.00Y
1955-09-09,0.00Y
1955-09-10,1.52Y
1955-09-11,4.35Y
1955-09-12,5.05Y
1955-09-13,0.00Y
1955-09-14,2.23Y
1955-09-15,4.85Y
1955-09-16,0.51Y
1955-09-17,6.67Y
1955-09-18,2.73Y
1955-09-19,63.97Y
1955-09-20,29.97Y
1955-09-21,1.22Y
1955-09-22,0.00Y
1955-09-23,0.00Y
1955-09-24,0.00Y
1955-09-25,0.00Y
1955-09-26,0.00Y
1955-09-27,0.00Y
1955-09-28,0.00Y
1955-09-29,0.00Y
1955-09-30,0.00Y
1955-09-31,-9999.99M
1955-10-01,1.73Y
1955-10-02,0.00Y
1955-10-03,0.00Y
1955-10-04,4.05Y
1955-10-05,0.00Y
1955-10-06,0.00Y
1955-10-07,1.73Y
1955-10-08,1.22Y
1955-10-09,1.73Y
1955-10-10,0.00Y
1955-10-11,0.00Y
1955-10-12,0.00Y
1955-10-13,0.00Y
1955-10-14,0.00Y
1955-10-15,0.00Y
1955-10-16,1.02Y
1955-10-17,6.87Y
1955-10-18,1.02Y
1955-10-19,0.00Y
1955-10-20,0.00Y
1955-10-21,0.00Y
1955-10-22,0.00Y
1955-10-23,0.00Y
1955-10-24,2.03Y
1955-10-25,1.02Y
1955-10-26,0.00Y
1955-10-27,0.51Y
1955-10-28,0.00Y
1955-10-29,0.51Y
1955-10-30,1.73Y
1955-10-31,4.05Y
1955-11-01,1.02Y
1955-11-02,0.51Y
1955-11-03,0.72Y
1955-11-04,1.52Y
1955-11-05,2.23Y
1955-11-06,4.05Y
1955-11-07,0.51Y
1955-11-08,1.73Y
1955-11-09,0.00Y
1955-11-10,0.00Y
1955-11-11,1.22Y
1955-11-12,0.00Y
1955-11-13,0.00Y
1955-11-14,0.00Y
1955-11-15,0.00Y
1955-11-16,0.00Y
1955-11-17,0.00Y
1955-11-18,0.00Y
1955-11-19,0.00Y
1955-11-20,0.00Y
1955-11-21,0.00Y
1955-11-22,0.00Y
1955-11-23,0.00Y
1955-11-24,0.00Y
1955-11-25,0.00Y
1955-11-26,0.00Y
1955-11-27,0.00Y
1955-11-28,0.00Y
1955-11-29,0.00Y
1955-11-30,0.00Y
1955-11-31,-9999.99M
1955-12-01,-9999.99M
1955-12-02,-9999.99M
1955-12-03,-9999.99M
1955-12-04,-9999.99M
1955-12-05,-9999.99M
1955-12-06,-9999.99M
1955-12-07,-9999.99M
1955-12-08,-9999.99M
1955-12-09,-9999.99M
1955-12-10,-9999.99M
1955-12-11,-9999.99M
1955-12-12,-9999.99M
1955-12-13,-9999.99M
1955-12-14,-9999.99M
1955-12-15,-9999.99M
1955-12-16,-9999.99M
1955-12-17,-9999.99M
1955-12-18,-9999.99M
1955-12-19,-9999.99M
1955-12-20,-9999.99M
1955-12-21,-9999.99M
1955-12-22,-9999.99M
1955-12-23,-9999.99M
1955-12-24,-9999.99M
1955-12-25,-9999.99M
1955-12-26,-9999.99M
1955-12-27,-9999.99M
1955-12-28,-9999.99M
1955-12-29,-9999.99M
1955-12-30,-9999.99M
1955-12-31,-9999.99M
1956-01-01,0.00Y
1956-01-02,0.00Y
1956-01-03,0.00Y
1956-01-04,0.00Y
1956-01-05,0.00Y
1956-01-06,0.00Y
1956-01-07,15.55Y
1956-01-08,11.51Y
1956-01-09,26.14Y
1956-01-10,17.66Y
1956-01-11,4.85Y
1956-01-12,18.17Y
1956-01-13,16.66Y
1956-01-14,12.52Y
1956-01-15,1.73Y
1956-01-16,7.88Y
1956-01-17,1.02Y
1956-01-18,0.00Y
1956-01-19,0.00Y
1956-01-20,0.00Y
1956-01-21,0.00Y
1956-01-22,0.00Y
1956-01-23,0.00Y
1956-01-24,0.00Y
1956-01-25,0.00Y
1956-01-26,0.00Y
1956-01-27,0.00Y
1956-01-28,0.00Y
1956-01-29,0.51Y
1956-01-30,0.00Y
1956-01-31,0.00Y
1956-02-01,0.00Y
1956-02-02,0.00Y
1956-02-03,0.00Y
1956-02-04,0.00Y
1956-02-05,0.00Y
1956-02-06,0.00Y
1956-02-07,0.00Y
1956-02-08,0.00Y
1956-02-09,0.00Y
1956-02-10,0.00Y
1956-02-11,0.00Y
1956-02-12,0.00Y
1956-02-13,0.00Y
1956-02-14,0.00Y
1956-02-15,0.00Y
1956-02-16,0.00Y
1956-02-17,0.00Y
1956-02-18,0.00Y
1956-02-19,0.00Y
1956-02-20,0.00Y
1956-02-21,0.00Y
1956-02-22,0.00Y
1956-02-23,0.00Y
1956-02-24,0.00Y
1956-02-25,0.00Y
1956-02-26,0.00Y
1956-02-27,0.00Y
1956-02-28,0.00Y
1956-02-29,0.00Y
1956-02-30,-9999.99M
1956-02-31,-9999.99M
1956-03-01,0.00Y
1956-03-02,1.52Y
1956-03-03,0.00Y
1956-03-04,0.00Y
1956-03-05,0.00Y
1956-03-06,0.00Y
1956-03-07,0.00Y
1956-03-08,0.00Y
1956-03-09,0.00Y
1956-03-10,0.00Y
1956-03-11,0.00Y
1956-03-12,0.00Y
1956-03-13,0.00Y
1956-03-14,0.00Y
1956-03-15,0.00Y
1956-03-16,0.00Y
1956-03-17,0.00Y
1956-03-18,0.00Y
1956-03-19,0.00Y
1956-03-20,0.00Y
1956-03-21,0.00Y
1956-03-22,0.00Y
1956-03-23,0.00Y
1956-03-24,0.00Y
1956-03-25,0.00Y
1956-03-26,0.00Y
1956-03-27,0.00Y
1956-03-28,0.00Y
1956-03-29,0.00Y
1956-03-30,0.00Y
1956-03-31,0.00Y
1956-04-01,-9999.99M
1956-04-02,-9999.99M
1956-04-03,-9999.99M
1956-04-04,-9999.99M
1956-04-05,-9999.99M
1956-04-06,-9999.99M
1956-04-07,-9999.99M
1956-04-08,-9999.99M
1956-04-09,-9999.99M
1956-04-10,-9999.99M
1956-04-11,-9999.99M
1956-04-12,-9999.99M
1956-04-13,-9999.99M
1956-04-14,-9999.99M
1956-04-15,-9999.99M
1956-04-16,-9999.99M
1956-04-17,-9999.99M
1956-04-18,-9999.99M
1956-04-19,-9999.99M
1956-04-20,-9999.99M
1956-04-21,-9999.99M
1956-04-22,-9999.99M
1956-04-23,-9999.99M
1956-04-24,-9999.99M
1956-04-25,-9999.99M
1956-04-26,-9999.99M
1956-04-27,-9999.99M
1956-04-28,-9999.99M
1956-04-29,-9999.99M
1956-04-30,-9999.99M
1956-04-31,-9999.99M
1956-05-01,0.00Y
1956-05-02,0.00Y
1956-05-03,4.55Y
1956-05-04,0.00Y
1956-05-05,1.22Y
1956-05-06,0.00Y
1956-05-07,0.72Y
1956-05-08,0.00Y
1956-05-09,0.72Y
1956-05-10,0.00Y
1956-05-11,0.00Y
1956-05-12,9.39Y
1956-05-13,1.73Y
1956-05-14,9.39Y
1956-05-15,0.00Y
1956-05-16,6.37Y
1956-05-17,0.00Y
1956-05-18,0.00Y
1956-05-19,0.51Y
1956-05-20,0.00Y
1956-05-21,7.88Y
1956-05-22,0.00Y
1956-05-23,0.72Y
1956-05-24,0.00Y
1956-05-25,0.00Y
1956-05-26,0.00Y
1956-05-27,3.84Y
1956-05-28,7.17Y
1956-05-29,0.00Y
1956-05-30,10.50Y
1956-05-31,5.05Y
1956-06-01,2.73Y
1956-06-02,0.00Y
1956-06-03,4.05Y
1956-06-04,1.22Y
1956-06-05,7.17Y
1956-06-06,2.03Y
1956-06-07,1.73Y
1956-06-08,0.00Y
1956-06-09,0.00Y
1956-06-10,6.67Y
1956-06-11,0.51Y
1956-06-12,0.72Y
1956-06-13,0.00Y
1956-06-14,1.02Y
1956-06-15,3.24Y
1956-06-16,33.30Y
1956-06-17,0.00Y
1956-06-18,0.51Y
1956-06-19,0.00Y
1956-06-20,0.51Y
1956-06-21,1.73Y
1956-06-22,2.23Y
1956-06-23,0.00Y
1956-06-24,0.72Y
1956-06-25,5.86Y
1956-06-26,0.00Y
1956-06-27,0.00Y
1956-06-28,0.51Y
1956-06-29,0.51Y
1956-06-30,5.56Y
1956-06-31,-9999.99M
1956-07-01,7.68Y
1956-07-02,0.72Y
1956-07-03,0.72Y
1956-07-04,0.00Y
1956-07-05,0.00Y
1956-07-06,0.72Y
1956-07-07,0.00Y
1956-07-08,0.00Y
1956-07-09,8.18Y
1956-07-10,3.54Y
1956-07-11,1.52Y
1956-07-12,0.00Y
1956-07-13,3.24Y
1956-07-14,10.50Y
1956-07-15,0.00Y
1956-07-16,0.72Y
1956-07-17,2.03Y
1956-07-18,0.72Y
1956-07-19,0.00Y
1956-07-20,0.00Y
1956-07-21,0.00Y
1956-07-22,5.86Y
1956-07-23,2.23Y
1956-07-24,22.51Y
1956-07-25,2.73Y
1956-07-26,10.50Y
1956-07-27,9.39Y
1956-07-28,0.72Y
1956-07-29,0.00Y
1956-07-30,2.23Y
1956-07-31,3.24Y
1956-08-01,-9999.99M
1956-08-02,-9999.99M
1956-08-03,-9999.99M
1956-08-04,-9999.99M
1956-08-05,-9999.99M
1956-08-06,-9999.99M
1956-08-07,-9999.99M
1956-08-08,-9999.99M
1956-08-09,-9999.99M
1956-08-10,-9999.99M
1956-08-11,-9999.99M
1956-08-12,-9999.99M
1956-08-13,-9999.99M
1956-08-14,-9999.99M
1956-08-15,-9999.99M
1956-08-16,-9999.99M
1956-08-17,-9999.99M
1956-08-18,-9999.99M
1956-08-19,-9999.99M
1956-08-20,-9999.99M
1956-08-21,-9999.99M
1956-08-22,-9999.99M
1956-08-23,-9999.99M
1956-08-24,-9999.99M
1956-08-25,-9999.99M
1956-08-26,-9999.99M
1956-08-27,-9999.99M
1956-08-28,-9999.99M
1956-08-29,-9999.99M
1956-08-30,-9999.99M
1956-08-31,-9999.99M
1956-09-01,-9999.99M
1956-09-02,-9999.99M
1956-09-03,-9999.99M
1956-09-04,-9999.99M
1956-09-05,-9999.99M
1956-09-06,-9999.99M
1956-09-07,-9999.99M
1956-09-08,-9999.99M
1956-09-09,-9999.99M
1956-09-10,-9999.99M
1956-09-11,-9999.99M
1956-09-12,-9999.99M
1956-09-13,-9999.99M
1956-09-14,-9999.99M
1956-09-15,-9999.99M
1956-09-16,-9999.99M
1956-09-17,-9999.99M
1956-09-18,-9999.99M
1956-09-19,-9999.99M
1956-09-20,-9999.99M
1956-09-21,-9999.99M
1956-09-22,-9999.99M
1956-09-23,-9999.99M
1956-09-24,-9999.99M
1956-09-25,-9999.99M
1956-09-26,-9999.99M
1956-09-27,-9999.99M
1956-09-28,-9999.99M
1956-09-29,-9999.99M
1956-09-30,-9999.99M
1956-09-31,-9999.99M
1956-10-01,-9999.99M
1956-10-02,-9999.99M
1956-10-03,-9999.99M
1956-10-04,-9999.99M
1956-10-05,-9999.99M
1956-10-06,-9999.99M
1956-10-07,-9999.99M
1956-10-08,-9999.99M
1956-10-09,-9999.99M
1956-10-10,-9999.99M
1956-10-11,-9999.99M
1956-10-12,-9999.99M
1956-10-13,-9999.99M
1956-10-14,-9999.99M
1956-10-15,-9999.99M
1956-10-16,-9999.99M
1956-10-17,-9999.99M
1956-10-18,-9999.99M
1956-10-19,-9999.99M
1956-10-20,-9999.99M
1956-10-21,-9999.99M
1956-10-22,-9999.99M
1956-10-23,-9999.99M
1956-10-24,-9999.99M
1956-10-25,-9999.99M
1956-10-26,-9999.99M
1956-10-27,-9999.99M
1956-10-28,-9999.99M
1956-10-29,-9999.99M
1956-10-30,-9999.99M
1956-10-31,-9999.99M
1956-11-01,0.00Y
1956-11-02,0.00Y
1956-11-03,0.00Y
1956-11-04,0.00Y
1956-11-05,0.00Y
1956-11-06,0.00Y
1956-11-07,0.00Y
1956-11-08,0.00Y
1956-11-09,0.00Y
1956-11-10,0.00Y
1956-11-11,0.00Y
1956-11-12,9.19Y
1956-11-13,0.00Y
1956-11-14,0.00Y
1956-11-15,0.00Y
1956-11-16,4.85Y
1956-11-17,0.00Y
1956-11-18,0.00Y
1956-11-19,0.00Y
1956-11-20,0.00Y
1956-11-21,19.18Y
1956-11-22,0.00Y
1956-11-23,0.00Y
1956-11-24,1.52Y
1956-11-25,0.00Y
1956-11-26,2.53Y
1956-11-27,2.73Y
1956-11-28,0.00Y
1956-11-29,0.00Y
1956-11-30,0.00Y
1956-11-31,-9999.99M
1956-12-01,0.00Y
1956-12-02,0.00Y
1956-12-03,0.00Y
1956-12-04,0.00Y
1956-12-05,0.00Y
1956-12-06,4.05Y
1956-12-07,0.00Y
1956-12-08,0.00Y
1956-12-09,0.51Y
1956-12-10,0.00Y
1956-12-11,0.00Y
1956-12-12,0.00Y
1956-12-13,0.00Y
1956-12-14,0.00Y
1956-12-15,0.00Y
1956-12-16,2.23Y
1956-12-17,0.00Y
1956-12-18,0.00Y
1956-12-19,0.00Y
1956-12-20,0.00Y
1956-12-21,0.00Y
1956-12-22,0.00Y
1956-12-23,0.00Y
1956-12-24,0.00Y
1956-12-25,0.00Y
1956-12-26,0.00Y
1956-12-27,0.00Y
1956-12-28,0.00Y
1956-12-29,0.00Y
1956-12-30,0.00Y
1956-12-31,0.00Y
1957-01-01,-9999.99M
1957-01-02,-9999.99M
1957-01-03,-9999.99M
1957-01-04,-9999.99M
1957-01-05,-9999.99M
1957-01-06,-9999.99M
1957-01-07,-9999.99M
1957-01-08,-9999.99M
1957-01-09,-9999.99M
1957-01-10,-9999.99M
1957-01-11,-9999.99M
1957-01-12,-9999.99M
1957-01-13,-9999.99M
1957-01-14,-9999.99M
1957-01-15,-9999.99M
1957-01-16,-9999.99M
1957-01-17,-9999.99M
1957-01-18,-9999.99M
1957-01-19,-9999.99M
1957-01-20,-9999.99M
1957-01-21,-9999.99M
1957-01-22,-9999.99M
1957-01-23,-9999.99M
1957-01-24,-9999.99M
1957-01-25,-9999.99M
1957-01-26,-9999.99M
1957-01-27,-9999.99M
1957-01-28,-9999.99M
1957-01-29,-9999.99M
1957-01-30,-9999.99M
1957-01-31,-9999.99M
1957-02-01,0.00Y
1957-02-02,0.00Y
1957-02-03,0.00Y
1957-02-04,0.00Y
1957-02-05,0.00Y
1957-02-06,0.00Y
1957-02-07,0.00Y
1957-02-08,1.52Y
1957-02-09,0.00Y
1957-02-10,0.00Y
1957-02-11,0.00Y
1957-02-12,0.00Y
1957-02-13,0.00Y
1957-02-14,0.00Y
1957-02-15,0.00Y
1957-02-16,0.00Y
1957-02-17,0.00Y
1957-02-18,0.00Y
1957-02-19,0.00Y
1957-02-20,0.00Y
1957-02-21,0.00Y
1957-02-22,0.00Y
1957-02-23,0.00Y
1957-02-24,0.00Y
1957-02-25,0.00Y
1957-02-26,0.00Y
1957-02-27,9.19Y
1957-02-28,0.00Y
1957-02-29,-9999.99M
1957-02-30,-9999.99M
1957-02-31,-9999.99M
1957-03-01,0.00Y
1957-03-02,0.00Y
1957-03-03,0.00Y
1957-03-04,0.00Y
1957-03-05,0.00Y
1957-03-06,0.00Y
1957-03-07,0.00Y
1957-03-08,0.00Y
1957-03-09,14.34Y
1957-03-10,0.00Y
1957-03-11,0.00Y
1957-03-12,3.24Y
1957-03-13,5.05Y
1957-03-14,0.00Y
1957-03-15,0.00Y
1957-03-16,0.51Y
1957-03-17,0.00Y
1957-03-18,0.00Y
1957-03-19,0.00Y
1957-03-20,0.00Y
1957-03-21,0.00Y
1957-03-22,0.00Y
1957-03-23,0.00Y
1957-03-24,0.00Y
1957-03-25,0.00Y
1957-03-26,0.00Y
1957-03-27,0.00Y
1957-03-28,0.00Y
1957-03-29,0.00Y
1957-03-30,0.00Y
1957-03-31,0.00Y
1957-04-01,-9999.99M
1957-04-02,-9999.99M
1957-04-03,-9999.99M
1957-04-04,-9999.99M
1957-04-05,-9999.99M
1957-04-06,-9999.99M
1957-04-07,-9999.99M
1957-04-08,-9999.99M
1957-04-09,-9999.99M
1957-04-10,-9999.99M
1957-04-11,-9999.99M
1957-04-12,-9999.99M
1957-04-13,-9999.99M
1957-04-14,-9999.99M
1957-04-15,-9999.99M
1957-04-16,-9999.99M
1957-04-17,-9999.99M
1957-04-18,-9999.99M
1957-04-19,-9999.99M
1957-04-20,-9999.99M
1957-04-21,-9999.99M
1957-04-22,-9999.99M
1957-04-23,-9999.99M
1957-04-24,-9999.99M
1957-04-25,-9999.99M
1957-04-26,-9999.99M
1957-04-27,-9999.99M
1957-04-28,-9999.99M
1957-04-29,-9999.99M
1957-04-30,-9999.99M
1957-04-31,-9999.99M
1957-05-01,0.51Y
1957-05-02,9.19Y
1957-05-03,0.00Y
1957-05-04,0.00Y
1957-05-05,0.00Y
1957-05-06,0.00Y
1957-05-07,0.00Y
1957-05-08,1.73Y
1957-05-09,0.00Y
1957-05-10,0.51Y
1957-05-11,0.00Y
1957-05-12,0.00Y
1957-05-13,0.00Y
1957-05-14,2.03Y
1957-05-15,4.85Y
1957-05-16,0.00Y
1957-05-17,0.00Y
1957-05-18,0.00Y
1957-05-19,0.00Y
1957-05-20,0.00Y
1957-05-21,0.00Y
1957-05-22,1.22Y
1957-05-23,7.37Y
1957-05-24,1.02Y
1957-05-25,0.00Y
1957-05-26,0.00Y
1957-05-27,13.53Y
1957-05-28,13.33Y
1957-05-29,0.00Y
1957-05-30,3.24Y
1957-05-31,0.00Y
1957-06-01,0.00Y
1957-06-02,10.20Y
1957-06-03,0.00Y
1957-06-04,24.52Y
1957-06-05,0.00Y
1957-06-06,8.38Y
1957-06-07,12.52Y
1957-06-08,1.52Y
1957-06-09,0.00Y
1957-06-10,0.00Y
1957-06-11,0.00Y
1957-06-12,2.03Y
1957-06-13,3.54Y
1957-06-14,0.00Y
1957-06-15,0.00Y
1957-06-16,0.00Y
1957-06-17,0.00Y
1957-06-18,0.51Y
1957-06-19,8.69Y
1957-06-20,0.00Y
1957-06-21,4.85Y
1957-06-22,0.00Y
1957-06-23,11.71Y
1957-06-24,0.00Y
1957-06-25,13.02Y
1957-06-26,5.86Y
1957-06-27,0.51Y
1957-06-28,1.52Y
1957-06-29,3.54Y
1957-06-30,0.00Y
1957-06-31,-9999.99M
1957-07-01,-9999.99M
1957-07-02,-9999.99M
1957-07-03,-9999.99M
1957-07-04,-9999.99M
1957-07-05,-9999.99M
1957-07-06,-9999.99M
1957-07-07,-9999.99M
1957-07-08,-9999.99M
1957-07-09,-9999.99M
1957-07-10,-9999.99M
1957-07-11,-9999.99M
1957-07-12,-9999.99M
1957-07-13,-9999.99M
1957-07-14,-9999.99M
1957-07-15,-9999.99M
1957-07-16,-9999.99M
1957-07-17,-9999.99M
1957-07-18,-9999.99M
1957-07-19,-9999.99M
1957-07-20,-9999.99M
1957-07-21,-9999.99M
1957-07-22,-9999.99M
1957-07-23,-9999.99M
1957-07-24,-9999.99M
1957-07-25,-9999.99M
1957-07-26,-9999.99M
1957-07-27,-9999.99M
1957-07-28,-9999.99M
1957-07-29,-9999.99M
1957-07-30,-9999.99M
1957-07-31,-9999.99M
1957-08-01,1.02Y
1957-08-02,2.03Y
1957-08-03,1.02Y
1957-08-04,0.00Y
1957-08-05,0.00Y
1957-08-06,0.00Y
1957-08-07,0.00Y
1957-08-08,0.00Y
1957-08-09,0.00Y
1957-08-10,0.00Y
1957-08-11,2.03Y
1957-08-12,0.00Y
1957-08-13,0.00Y
1957-08-14,3.84Y
1957-08-15,0.00Y
1957-08-16,0.00Y
1957-08-17,0.00Y
1957-08-18,0.00Y
1957-08-19,0.00Y
1957-08-20,2.23Y
1957-08-21,0.51Y
1957-08-22,0.00Y
1957-08-23,0.00Y
1957-08-24,0.00Y
1957-08-25,0.00Y
1957-08-26,2.23Y
1957-08-27,0.51Y
1957-08-28,0.00Y
1957-08-29,0.00Y
1957-08-30,0.00Y
1957-08-31,0.00Y
1957-09-01,0.00Y
1957-09-02,1.02Y
1957-09-03,7.17Y
1957-09-04,13.83Y
1957-09-05,14.84Y
1957-09-06,1.22Y
1957-09-07,0.51Y
1957-09-08,0.00Y
1957-09-09,0.00Y
1957-09-10,0.00Y
1957-09-11,2.53Y
1957-09-12,0.00Y
1957-09-13,3.24Y
1957-09-14,0.00Y
1957-09-15,0.00Y
1957-09-16,11.51Y
1957-09-17,0.00Y
1957-09-18,0.00Y
1957-09-19,0.00Y
1957-09-20,0.72Y
1957-09-21,0.00Y
1957-09-22,18.87Y
1957-09-23,5.86Y
1957-09-24,0.00Y
1957-09-25,0.00Y
1957-09-26,0.51Y
1957-09-27,0.72Y
1957-09-28,0.00Y
1957-09-29,0.00Y
1957-09-30,0.00Y
1957-09-31,-9999.99M
1957-10-01,-9999.99M
1957-10-02,-9999.99M
1957-10-03,-9999.99M
1957-10-04,-9999.99M
1957-10-05,-9999.99M
1957-10-06,-9999.99M
1957-10-07,-9999.99M
1957-10-08,-9999.99M
1957-10-09,-9999.99M
1957-10-10,-9999.99M
1957-10-11,-9999.99M
1957-10-12,-9999.99M
1957-10-13,-9999.99M
1957-10-14,-9999.99M
1957-10-15,-9999.99M
1957-10-16,-9999.99M
1957-10-17,-9999.99M
1957-10-18,-9999.99M
1957-10-19,-9999.99M
1957-10-20,-9999.99M
1957-10-21,-9999.99M
1957-10-22,-9999.99M
1957-10-23,-9999.99M
1957-10-24,-9999.99M
1957-10-25,-9999.99M
1957-10-26,-9999.99M
1957-10-27,-9999.99M
1957-10-28,-9999.99M
1957-10-29,-9999.99M
1957-10-30,-9999.99M
1957-10-31,-9999.99M
1957-11-01,0.00Y
1957-11-02,0.51Y
1957-11-03,4.05Y
1957-11-04,16.86Y
1957-11-05,7.17Y
1957-11-06,0.00Y
1957-11-07,0.51Y
1957-11-08,7.17Y
1957-11-09,0.00Y
1957-11-10,0.00Y
1957-11-11,0.00Y
1957-11-12,0.00Y
1957-11-13,0.51Y
1957-11-14,0.00Y
1957-11-15,19.18Y
1957-11-16,3.54Y
1957-11-17,12.52Y
1957-11-18,1.52Y
1957-11-19,20.19Y
1957-11-20,5.36Y
1957-11-21,0.00Y
1957-11-22,0.00Y
1957-11-23,0.00Y
1957-11-24,0.00Y
1957-11-25,0.00Y
1957-11-26,0.00Y
1957-11-27,0.00Y
1957-11-28,0.00Y
1957-11-29,0.00Y
1957-11-30,0.00Y
1957-11-31,-9999.99M
1957-12-01,0.00Y
1957-12-02,0.00Y
1957-12-03,0.00Y
1957-12-04,0.00Y
1957-12-05,0.00Y
1957-12-06,0.00Y
1957-12-07,0.51Y
1957-12-08,0.00Y
1957-12-09,0.00Y
1957-12-10,10.50Y
1957-12-11,0.00Y
1957-12-12,5.86Y
1957-12-13,0.00Y
1957-12-14,0.00Y
1957-12-15,0.00Y
1957-12-16,0.00Y
1957-12-17,0.00Y
1957-12-18,0.00Y
1957-12-19,1.52Y
1957-12-20,2.03Y
1957-12-21,4.55Y
1957-12-22,0.00Y
1957-12-23,0.00Y
1957-12-24,0.72Y
1957-12-25,0.00Y
1957-12-26,2.23Y
1957-12-27,7.68Y
1957-12-28,1.02Y
1957-12-29,0.00Y
1957-12-30,0.00Y
1957-12-31,0.00Y
1958-01-01,0.00Y
1958-01-02,0.00Y
1958-01-03,0.00Y
1958-01-04,0.00Y
1958-01-05,0.00Y
1958-01-06,0.00Y
1958-01-07,0.00Y
1958-01-08,0.00Y
1958-01-09,0.00Y
1958-01-10,0.00Y
1958-01-11,0.00Y
1958-01-12,0.00Y
1958-01-13,0.00Y
1958-01-14,0.00Y
1958-01-15,0.00Y
1958-01-16,0.00Y
1958-01-17,34.01Y
1958-01-18,0.51Y
1958-01-19,0.00Y
1958-01-20,0.00Y
1958-01-21,0.00Y
1958-01-22,6.87Y
1958-01-23,2.73Y
1958-01-24,1.52Y
1958-01-25,0.00Y
1958-01-26,0.00Y
1958-01-27,0.00Y
1958-01-28,0.00Y
1958-01-29,0.00Y
1958-01-30,0.00Y
1958-01-31,0.00Y
1958-02-01,0.00Y
1958-02-02,0.00Y
1958-02-03,0.00Y
1958-02-04,0.00Y
1958-02-05,0.00Y
1958-02-06,0.00Y
1958-02-07,0.00Y
1958-02-08,0.00Y
1958-02-09,0.00Y
1958-02-10,0.00Y
1958-02-11,0.00Y
1958-02-12,0.00Y
1958-02-13,0.00Y
1958-02-14,0.00Y
1958-02-15,0.00Y
1958-02-16,0.00Y
1958-02-17,0.00Y
1958-02-18,0.00Y
1958-02-19,0.00Y
1958-02-20,0.00Y
1958-02-21,0.00Y
1958-02-22,0.00Y
1958-02-23,0.00Y
1958-02-24,0.00Y
1958-02-25,0.00Y
1958-02-26,0.00Y
1958-02-27,0.00Y
1958-02-28,1.52Y
1958-02-29,-9999.99M
1958-02-30,-9999.99M
1958-02-31,-9999.99M
1958-03-01,0.00Y
1958-03-02,0.00Y
1958-03-03,0.00Y
1958-03-04,0.00Y
1958-03-05,0.00Y
1958-03-06,0.00Y
1958-03-07,6.87Y
1958-03-08,6.37Y
1958-03-09,0.00Y
1958-03-10,3.54Y
1958-03-11,11.01Y
1958-03-12,6.67Y
1958-03-13,1.02Y
1958-03-14,0.00Y
1958-03-15,0.00Y
1958-03-16,0.00Y
1958-03-17,0.00Y
1958-03-18,0.00Y
1958-03-19,0.00Y
1958-03-20,0.00Y
1958-03-21,0.00Y
1958-03-22,0.00Y
1958-03-23,1.73Y
1958-03-24,0.00Y
1958-03-25,2.53Y
1958-03-26,0.00Y
1958-03-27,0.00Y
1958-03-28,0.00Y
1958-03-29,0.00Y
1958-03-30,0.00Y
1958-03-31,0.72Y
1958-04-01,0.00Y
1958-04-02,0.00Y
1958-04-03,0.00Y
1958-04-04,0.00Y
1958-04-05,0.00Y
1958-04-06,0.00Y
1958-04-07,0.00Y
1958-04-08,0.00Y
1958-04-09,0.00Y
1958-04-10,0.00Y
1958-04-11,0.00Y
1958-04-12,8.69Y
1958-04-13,0.00Y
1958-04-14,0.00Y
1958-04-15,0.00Y
1958-04-16,2.53Y
1958-04-17,0.51Y
1958-04-18,0.00Y
1958-04-19,0.00Y
1958-04-20,4.05Y
1958-04-21,0.72Y
1958-04-22,23.31Y
1958-04-23,13.53Y
1958-04-24,2.23Y
1958-04-25,0.00Y
1958-04-26,0.51Y
1958-04-27,0.00Y
1958-04-28,0.00Y
1958-04-29,0.00Y
1958-04-30,0.00Y
1958-04-31,-9999.99M
1958-05-01,0.00Y
1958-05-02,0.00Y
1958-05-03,0.51Y
1958-05-04,1.22Y
1958-05-05,0.00Y
1958-05-06,0.00Y
1958-05-07,9.19Y
1958-05-08,15.85Y
1958-05-09,3.04Y
1958-05-10,0.51Y
1958-05-11,0.00Y
1958-05-12,0.00Y
1958-05-13,0.00Y
1958-05-14,0.00Y
1958-05-15,0.00Y
1958-05-16,0.00Y
1958-05-17,0.00Y
1958-05-18,1.02Y
1958-05-19,7.37Y
1958-05-20,0.00Y
1958-05-21,0.00Y
1958-05-22,1.73Y
1958-05-23,0.00Y
1958-05-24,0.00Y
1958-05-25,2.53Y
1958-05-26,0.00Y
1958-05-27,0.00Y
1958-05-28,0.00Y
1958-05-29,0.00Y
1958-05-30,0.00Y
1958-05-31,0.72Y
1958-06-01,12.52Y
1958-06-02,0.00Y
1958-06-03,0.00Y
1958-06-04,0.00Y
1958-06-05,6.87Y
1958-06-06,0.00Y
1958-06-07,0.00Y
1958-06-08,0.00Y
1958-06-09,0.00Y
1958-06-10,0.00Y
1958-06-11,0.51Y
1958-06-12,0.00Y
1958-06-13,11.51Y
1958-06-14,4.85Y
1958-06-15,2.23Y
1958-06-16,0.51Y
1958-06-17,3.84Y
1958-06-18,0.00Y
1958-06-19,0.00Y
1958-06-20,0.00Y
1958-06-21,5.56Y
1958-06-22,19.68Y
1958-06-23,0.00Y
1958-06-24,0.00Y
1958-06-25,3.24Y
1958-06-26,48.13Y
1958-06-27,5.36Y
1958-06-28,0.00Y
1958-06-29,0.51Y
1958-06-30,2.03Y
1958-06-31,-9999.99M
1958-07-01,16.35Y
1958-07-02,0.00Y
1958-07-03,0.00Y
1958-07-04,0.51Y
1958-07-05,0.00Y
1958-07-06,0.00Y
1958-07-07,0.00Y
1958-07-08,0.00Y
1958-07-09,0.00Y
1958-07-10,0.00Y
1958-07-11,2.53Y
1958-07-12,0.51Y
1958-07-13,0.00Y
1958-07-14,0.00Y
1958-07-15,0.72Y
1958-07-16,5.36Y
1958-07-17,0.00Y
1958-07-18,0.00Y
1958-07-19,12.52Y
1958-07-20,0.51Y
1958-07-21,0.00Y
1958-07-22,0.00Y
1958-07-23,0.00Y
1958-07-24,0.00Y
1958-07-25,0.00Y
1958-07-26,0.00Y
1958-07-27,0.00Y
1958-07-28,14.34Y
1958-07-29,25.03Y
1958-07-30,0.51Y
1958-07-31,3.54Y
1958-08-01,0.00Y
1958-08-02,0.00Y
1958-08-03,22.20Y
1958-08-04,4.55Y
1958-08-05,0.00Y
1958-08-06,5.05Y
1958-08-07,1.73Y
1958-08-08,83.74Y
1958-08-09,8.38Y
1958-08-10,0.51Y
1958-08-11,1.02Y
1958-08-12,0.00Y
1958-08-13,0.00Y
1958-08-14,0.00Y
1958-08-15,16.66Y
1958-08-16,0.00Y
1958-08-17,0.00Y
1958-08-18,0.00Y
1958-08-19,19.18Y
1958-08-20,3.04Y
1958-08-21,7.37Y
1958-08-22,0.00Y
1958-08-23,0.00Y
1958-08-24,14.03Y
1958-08-25,11.21Y
1958-08-26,0.00Y
1958-08-27,0.00Y
1958-08-28,0.00Y
1958-08-29,0.00Y
1958-08-30,11.01Y
1958-08-31,2.23Y
1958-09-01,0.00Y
1958-09-02,0.00Y
1958-09-03,0.00Y
1958-09-04,0.51Y
1958-09-05,0.00Y
1958-09-06,1.22Y
1958-09-07,2.03Y
1958-09-08,0.00Y
1958-09-09,0.00Y
1958-09-10,8.89Y
1958-09-11,0.00Y
1958-09-12,0.72Y
1958-09-13,0.00Y
1958-09-14,1.22Y
1958-09-15,0.72Y
1958-09-16,0.51Y
1958-09-17,0.00Y
1958-09-18,0.00Y
1958-09-19,0.00Y
1958-09-20,0.00Y
1958-09-21,0.00Y
1958-09-22,2.73Y
1958-09-23,0.00Y
1958-09-24,0.00Y
1958-09-25,0.72Y
1958-09-26,0.00Y
1958-09-27,2.03Y
1958-09-28,0.72Y
1958-09-29,0.00Y
1958-09-30,0.00Y
1958-09-31,-9999.99M
1958-10-01,3.24Y
1958-10-02,0.00Y
1958-10-03,0.00Y
1958-10-04,0.00Y
1958-10-05,10.70Y
1958-10-06,0.00Y
1958-10-07,0.00Y
1958-10-08,0.51Y
1958-10-09,0.00Y
1958-10-10,11.51Y
1958-10-11,12.22Y
1958-10-12,0.00Y
1958-10-13,0.00Y
1958-10-14,0.00Y
1958-10-15,0.00Y
1958-10-16,0.00Y
1958-10-17,0.00Y
1958-10-18,0.00Y
1958-10-19,0.00Y
1958-10-20,0.00Y
1958-10-21,0.00Y
1958-10-22,0.00Y
1958-10-23,0.00Y
1958-10-24,0.00Y
1958-10-25,0.00Y
1958-10-26,1.02Y
1958-10-27,2.53Y
1958-10-28,5.86Y
1958-10-29,1.73Y
1958-10-30,0.00Y
1958-10-31,3.84Y
1958-11-01,0.00Y
1958-11-02,0.00Y
1958-11-03,0.00Y
1958-11-04,0.00Y
1958-11-05,0.00Y
1958-11-06,1.22Y
1958-11-07,0.00Y
1958-11-08,0.00Y
1958-11-09,0.00Y
1958-11-10,4.05Y
1958-11-11,0.00Y
1958-11-12,0.51Y
1958-11-13,0.00Y
1958-11-14,6.87Y
1958-11-15,0.00Y
1958-11-16,0.00Y
1958-11-17,0.00Y
1958-11-18,10.50Y
1958-11-19,3.04Y
1958-11-20,0.00Y
1958-11-21,0.00Y
1958-11-22,0.00Y
1958-11-23,0.00Y
1958-11-24,0.00Y
1958-11-25,0.00Y
1958-11-26,0.00Y
1958-11-27,0.00Y
1958-11-28,0.00Y
1958-11-29,0.00Y
1958-11-30,0.00Y
1958-11-31,-9999.99M
1958-12-01,0.00Y
1958-12-02,0.00Y
1958-12-03,0.00Y
1958-12-04,0.00Y
1958-12-05,0.00Y
1958-12-06,0.00Y
1958-12-07,0.00Y
1958-12-08,0.00Y
1958-12-09,0.00Y
1958-12-10,0.00Y
1958-12-11,0.00Y
1958-12-12,0.00Y
1958-12-13,0.00Y
1958-12-14,0.00Y
1958-12-15,0.00Y
1958-12-16,0.00Y
1958-12-17,0.00Y
1958-12-18,0.00Y
1958-12-19,0.00Y
1958-12-20,0.00Y
1958-12-21,0.00Y
1958-12-22,0.00Y
1958-12-23,0.00Y
1958-12-24,0.00Y
1958-12-25,0.00Y
1958-12-26,0.00Y
1958-12-27,0.00Y
1958-12-28,0.00Y
1958-12-29,0.00Y
1958-12-30,0.00Y
1958-12-31,0.00Y
1959-01-01,-9999.99M
1959-01-02,-9999.99M
1959-01-03,-9999.99M
1959-01-04,-9999.99M
1959-01-05,-9999.99M
1959-01-06,-9999.99M
1959-01-07,-9999.99M
1959-01-08,-9999.99M
1959-01-09,-9999.99M
1959-01-10,-9999.99M
1959-01-11,-9999.99M
1959-01-12,-9999.99M
1959-01-13,-9999.99M
1959-01-14,-9999.99M
1959-01-15,-9999.99M
1959-01-16,-9999.99M
1959-01-17,-9999.99M
1959-01-18,-9999.99M
1959-01-19,-9999.99M
1959-01-20,-9999.99M
1959-01-21,-9999.99M
1959-01-22,-9999.99M
1959-01-23,-9999.99M
1959-01-24,-9999.99M
1959-01-25,-9999.99M
1959-01-26,-9999.99M
1959-01-27,-9999.99M
1959-01-28,-9999.99M
1959-01-29,-9999.99M
1959-01-30,-9999.99M
1959-01-31,-9999.99M
1959-02-01,-9999.99M
1959-02-02,-9999.99M
1959-02-03,-9999.99M
1959-02-04,-9999.99M
1959-02-05,-9999.99M
1959-02-06,-9999.99M
1959-02-07,-9999.99M
1959-02-08,-9999.99M
1959-02-09,-9999.99M
1959-02-10,-9999.99M
1959-02-11,-9999.99M
1959-02-12,-9999.99M
1959-02-13,-9999.99M
1959-02-14,-9999.99M
1959-02-15,-9999.99M
1959-02-16,-9999.99M
1959-02-17,-9999.99M
1959-02-18,-9999.99M
1959-02-19,-9999.99M
1959-02-20,-9999.99M
1959-02-21,-9999.99M
1959-02-22,-9999.99M
1959-02-23,-9999.99M
1959-02-24,-9999.99M
1959-02-25,-9999.99M
1959-02-26,-9999.99M
1959-02-27,-9999.99M
1959-02-28,-9999.99M
1959-02-29,-9999.99M
1959-02-30,-9999.99M
1959-02-31,-9999.99M
1959-03-01,-9999.99M
1959-03-02,-9999.99M
1959-03-03,-9999.99M
1959-03-04,-9999.99M
1959-03-05,-9999.99M
1959-03-06,-9999.99M
1959-03-07,-9999.99M
1959-03-08,-9999.99M
1959-03-09,-9999.99M
1959-03-10,-9999.99M
1959-03-11,-9999.99M
1959-03-12,-9999.99M
1959-03-13,-9999.99M
1959-03-14,-9999.99M
1959-03-15,-9999.99M
1959-03-16,-9999.99M
1959-03-17,-9999.99M
1959-03-18,-9999.99M
1959-03-19,-9999.99M
1959-03-20,-9999.99M
1959-03-21,-9999.99M
1959-03-22,-9999.99M
1959-03-23,-9999.99M
1959-03-24,-9999.99M
1959-03-25,-9999.99M
1959-03-26,-9999.99M
1959-03-27,-9999.99M
1959-03-28,-9999.99M
1959-03-29,-9999.99M
1959-03-30,-9999.99M
1959-03-31,-9999.99M
1959-04-01,-9999.99M
1959-04-02,-9999.99M
1959-04-03,-9999.99M
1959-04-04,-9999.99M
1959-04-05,-9999.99M
1959-04-06,-9999.99M
1959-04-07,-9999.99M
1959-04-08,-9999.99M
1959-04-09,-9999.99M
1959-04-10,-9999.99M
1959-04-11,-9999.99M
1959-04-12,-9999.99M
1959-04-13,-9999.99M
1959-04-14,-9999.99M
1959-04-15,-9999.99M
1959-04-16,-9999.99M
1959-04-17,-9999.99M
1959-04-18,-9999.99M
1959-04-19,-9999.99M
1959-04-20,-9999.99M
1959-04-21,-9999.99M
1959-04-22,-9999.99M
1959-04-23,-9999.99M
1959-04-24,-9999.99M
1959-04-25,-9999.99M
1959-04-26,-9999.99M
1959-04-27,-9999.99M
1959-04-28,-9999.99M
1959-04-29,-9999.99M
1959-04-30,-9999.99M
1959-04-31,-9999.99M
1959-05-01,-9999.99M
1959-05-02,-9999.99M
1959-05-03,-9999.99M
1959-05-04,-9999.99M
1959-05-05,-9999.99M
1959-05-06,-9999.99M
1959-05-07,-9999.99M
1959-05-08,-9999.99M
1959-05-09,-9999.99M
1959-05-10,-9999.99M
1959-05-11,-9999.99M
1959-05-12,-9999.99M
1959-05-13,-9999.99M
1959-05-14,-9999.99M
1959-05-15,-9999.99M
1959-05-16,-9999.99M
1959-05-17,-9999.99M
1959-05-18,-9999.99M
1959-05-19,-9999.99M
1959-05-20,-9999.99M
1959-05-21,-9999.99M
1959-05-22,-9999.99M
1959-05-23,-9999.99M
1959-05-24,-9999.99M
1959-05-25,-9999.99M
1959-05-26,-9999.99M
1959-05-27,-9999.99M
1959-05-28,-9999.99M
1959-05-29,-9999.99M
1959-05-30,-9999.99M
1959-05-31,-9999.99M
1959-06-01,-9999.99M
1959-06-02,-9999.99M
1959-06-03,-9999.99M
1959-06-04,-9999.99M
1959-06-05,-9999.99M
1959-06-06,-9999.99M
1959-06-07,-9999.99M
1959-06-08,-9999.99M
1959-06-09,-9999.99M
1959-06-10,-9999.99M
1959-06-11,-9999.99M
1959-06-12,-9999.99M
1959-06-13,-9999.99M
1959-06-14,-9999.99M
1959-06-15,-9999.99M
1959-06-16,-9999.99M
1959-06-17,-9999.99M
1959-06-18,-9999.99M
1959-06-19,-9999.99M
1959-06-20,-9999.99M
1959-06-21,-9999.99M
1959-06-22,-9999.99M
1959-06-23,-9999.99M
1959-06-24,-9999.99M
1959-06-25,-9999.99M
1959-06-26,-9999.99M
1959-06-27,-9999.99M
1959-06-28,-9999.99M
1959-06-29,-9999.99M
1959-06-30,-9999.99M
1959-06-31,-9999.99M
1959-07-01,-9999.99M
1959-07-02,-9999.99M
1959-07-03,-9999.99M
1959-07-04,-9999.99M
1959-07-05,-9999.99M
1959-07-06,-9999.99M
1959-07-07,-9999.99M
1959-07-08,-9999.99M
1959-07-09,-9999.99M
1959-07-10,-9999.99M
1959-07-11,-9999.99M
1959-07-12,-9999.99M
1959-07-13,-9999.99M
1959-07-14,-9999.99M
1959-07-15,-9999.99M
1959-07-16,-9999.99M
1959-07-17,-9999.99M
1959-07-18,-9999.99M
1959-07-19,-9999.99M
1959-07-20,-9999.99M
1959-07-21,-9999.99M
1959-07-22,-9999.99M
1959-07-23,-9999.99M
1959-07-24,-9999.99M
1959-07-25,-9999.99M
1959-07-26,-9999.99M
1959-07-27,-9999.99M
1959-07-28,-9999.99M
1959-07-29,-9999.99M
1959-07-30,-9999.99M
1959-07-31,-9999.99M
1959-08-01,-9999.99M
1959-08-02,-9999.99M
1959-08-03,-9999.99M
1959-08-04,-9999.99M
1959-08-05,-9999.99M
1959-08-06,-9999.99M
1959-08-07,-9999.99M
1959-08-08,-9999.99M
1959-08-09,-9999.99M
1959-08-10,-9999.99M
1959-08-11,-9999.99M
1959-08-12,-9999.99M
1959-08-13,-9999.99M
1959-08-14,-9999.99M
1959-08-15,-9999.99M
1959-08-16,-9999.99M
1959-08-17,-9999.99M
1959-08-18,-9999.99M
1959-08-19,-9999.99M
1959-08-20,-9999.99M
1959-08-21,-9999.99M
1959-08-22,-9999.99M
1959-08-23,-9999.99M
1959-08-24,-9999.99M
1959-08-25,-9999.99M
1959-08-26,-9999.99M
1959-08-27,-9999.99M
1959-08-28,-9999.99M
1959-08-29,-9999.99M
1959-08-30,-9999.99M
1959-08-31,-9999.99M
1959-09-01,-9999.99M
1959-09-02,-9999.99M
1959-09-03,-9999.99M
1959-09-04,-9999.99M
1959-09-05,-9999.99M
1959-09-06,-9999.99M
1959-09-07,-9999.99M
1959-09-08,-9999.99M
1959-09-09,-9999.99M
1959-09-10,-9999.99M
1959-09-11,-9999.99M
1959-09-12,-9999.99M
1959-09-13,-9999.99M
1959-09-14,-9999.99M
1959-09-15,-9999.99M
1959-09-16,-9999.99M
1959-09-17,-9999.99M
1959-09-18,-9999.99M
1959-09-19,-9999.99M
1959-09-20,-9999.99M
1959-09-21,-9999.99M
1959-09-22,-9999.99M
1959-09-23,-9999.99M
1959-09-24,-9999.99M
1959-09-25,-9999.99M
1959-09-26,-9999.99M
1959-09-27,-9999.99M
1959-09-28,-9999.99M
1959-09-29,-9999.99M
1959-09-30,-9999.99M
1959-09-31,-9999.99M
1959-10-01,-9999.99M
1959-10-02,-9999.99M
1959-10-03,-9999.99M
1959-10-04,-9999.99M
1959-10-05,-9999.99M
1959-10-06,-9999.99M
1959-10-07,-9999.99M
1959-10-08,-9999.99M
1959-10-09,-9999.99M
1959-10-10,-9999.99M
1959-10-11,-9999.99M
1959-10-12,-9999.99M
1959-10-13,-9999.99M
1959-10-14,-9999.99M
1959-10-15,-9999.99M
1959-10-16,-9999.99M
1959-10-17,-9999.99M
1959-10-18,-9999.99M
1959-10-19,-9999.99M
1959-10-20,-9999.99M
1959-10-21,-9999.99M
1959-10-22,-9999.99M
1959-10-23,-9999.99M
1959-10-24,-9999.99M
1959-10-25,-9999.99M
1959-10-26,-9999.99M
1959-10-27,-9999.99M
1959-10-28,-9999.99M
1959-10-29,-9999.99M
1959-10-30,-9999.99M
1959-10-31,-9999.99M
1959-11-01,-9999.99M
1959-11-02,-9999.99M
1959-11-03,-9999.99M
1959-11-04,-9999.99M
1959-11-05,-9999.99M
1959-11-06,-9999.99M
1959-11-07,-9999.99M
1959-11-08,-9999.99M
1959-11-09,-9999.99M
1959-11-10,-9999.99M
1959-11-11,-9999.99M
1959-11-12,-9999.99M
1959-11-13,-9999.99M
1959-11-14,-9999.99M
1959-11-15,-9999.99M
1959-11-16,-9999.99M
1959-11-17,-9999.99M
1959-11-18,-9999.99M
1959-11-19,-9999.99M
1959-11-20,-9999.99M
1959-11-21,-9999.99M
1959-11-22,-9999.99M
1959-11-23,-9999.99M
1959-11-24,-9999.99M
1959-11-25,-9999.99M
1959-11-26,-9999.99M
1959-11-27,-9999.99M
1959-11-28,-9999.99M
1959-11-29,-9999.99M
1959-11-30,-9999.99M
1959-11-31,-9999.99M
1959-12-01,-9999.99M
1959-12-02,-9999.99M
1959-12-03,-9999.99M
1959-12-04,-9999.99M
1959-12-05,-9999.99M
1959-12-06,-9999.99M
1959-12-07,-9999.99M
1959-12-08,-9999.99M
1959-12-09,-9999.99M
1959-12-10,-9999.99M
1959-12-11,-9999.99M
1959-12-12,-9999.99M
1959-12-13,-9999.99M
1959-12-14,-9999.99M
1959-12-15,-9999.99M
1959-12-16,-9999.99M
1959-12-17,-9999.99M
1959-12-18,-9999.99M
1959-12-19,-9999.99M
1959-12-20,-9999.99M
1959-12-21,-9999.99M
1959-12-22,-9999.99M
1959-12-23,-9999.99M
1959-12-24,-9999.99M
1959-12-25,-9999.99M
1959-12-26,-9999.99M
1959-12-27,-9999.99M
1959-12-28,-9999.99M
1959-12-29,-9999.99M
1959-12-30,-9999.99M
1959-12-31,-9999.99M
1960-01-01,-9999.99M
1960-01-02,-9999.99M
1960-01-03,-9999.99M
1960-01-04,-9999.99M
1960-01-05,-9999.99M
1960-01-06,-9999.99M
1960-01-07,-9999.99M
1960-01-08,-9999.99M
1960-01-09,-9999.99M
1960-01-10,-9999.99M
1960-01-11,-9999.99M
1960-01-12,-9999.99M
1960-01-13,-9999.99M
1960-01-14,-9999.99M
1960-01-15,-9999.99M
1960-01-16,-9999.99M
1960-01-17,-9999.99M
1960-01-18,-9999.99M
1960-01-19,-9999.99M
1960-01-20,-9999.99M
1960-01-21,-9999.99M
1960-01-22,-9999.99M
1960-01-23,-9999.99M
1960-01-24,-9999.99M
1960-01-25,-9999.99M
1960-01-26,-9999.99M
1960-01-27,-9999.99M
1960-01-28,-9999.99M
1960-01-29,-9999.99M
1960-01-30,-9999.99M
1960-01-31,-9999.99M
1960-02-01,-9999.99M
1960-02-02,-9999.99M
1960-02-03,-9999.99M
1960-02-04,-9999.99M
1960-02-05,-9999.99M
1960-02-06,-9999.99M
1960-02-07,-9999.99M
1960-02-08,-9999.99M
1960-02-09,-9999.99M
1960-02-10,-9999.99M
1960-02-11,-9999.99M
1960-02-12,-9999.99M
1960-02-13,-9999.99M
1960-02-14,-9999.99M
1960-02-15,-9999.99M
1960-02-16,-9999.99M
1960-02-17,-9999.99M
1960-02-18,-9999.99M
1960-02-19,-9999.99M
1960-02-20,-9999.99M
1960-02-21,-9999.99M
1960-02-22,-9999.99M
1960-02-23,-9999.99M
1960-02-24,-9999.99M
1960-02-25,-9999.99M
1960-02-26,-9999.99M
1960-02-27,-9999.99M
1960-02-28,-9999.99M
1960-02-29,-9999.99M
1960-02-30,-9999.99M
1960-02-31,-9999.99M
1960-03-01,-9999.99M
1960-03-02,-9999.99M
1960-03-03,-9999.99M
1960-03-04,-9999.99M
1960-03-05,-9999.99M
1960-03-06,-9999.99M
1960-03-07,-9999.99M
1960-03-08,-9999.99M
1960-03-09,-9999.99M
1960-03-10,-9999.99M
1960-03-11,-9999.99M
1960-03-12,-9999.99M
1960-03-13,-9999.99M
1960-03-14,-9999.99M
1960-03-15,-9999.99M
1960-03-16,-9999.99M
1960-03-17,-9999.99M
1960-03-18,-9999.99M
1960-03-19,-9999.99M
1960-03-20,-9999.99M
1960-03-21,-9999.99M
1960-03-22,-9999.99M
1960-03-23,-9999.99M
1960-03-24,-9999.99M
1960-03-25,-9999.99M
1960-03-26,-9999.99M
1960-03-27,-9999.99M
1960-03-28,-9999.99M
1960-03-29,-9999.99M
1960-03-30,-9999.99M
1960-03-31,-9999.99M
1960-04-01,-9999.99M
1960-04-02,-9999.99M
1960-04-03,-9999.99M
1960-04-04,-9999.99M
1960-04-05,-9999.99M
1960-04-06,-9999.99M
1960-04-07,-9999.99M
1960-04-08,-9999.99M
1960-04-09,-9999.99M
1960-04-10,-9999.99M
1960-04-11,-9999.99M
1960-04-12,-9999.99M
1960-04-13,-9999.99M
1960-04-14,-9999.99M
1960-04-15,-9999.99M
1960-04-16,-9999.99M
1960-04-17,-9999.99M
1960-04-18,-9999.99M
1960-04-19,-9999.99M
1960-04-20,-9999.99M
1960-04-21,-9999.99M
1960-04-22,-9999.99M
1960-04-23,-9999.99M
1960-04-24,-9999.99M
1960-04-25,-9999.99M
1960-04-26,-9999.99M
1960-04-27,-9999.99M
1960-04-28,-9999.99M
1960-04-29,-9999.99M
1960-04-30,-9999.99M
1960-04-31,-9999.99M
1960-05-01,-9999.99M
1960-05-02,-9999.99M
1960-05-03,-9999.99M
1960-05-04,-9999.99M
1960-05-05,-9999.99M
1960-05-06,-9999.99M
1960-05-07,-9999.99M
1960-05-08,-9999.99M
1960-05-09,-9999.99M
1960-05-10,-9999.99M
1960-05-11,-9999.99M
1960-05-12,-9999.99M
1960-05-13,-9999.99M
1960-05-14,-9999.99M
1960-05-15,-9999.99M
1960-05-16,-9999.99M
1960-05-17,-9999.99M
1960-05-18,-9999.99M
1960-05-19,-9999.99M
1960-05-20,-9999.99M
1960-05-21,-9999.99M
1960-05-22,-9999.99M
1960-05-23,-9999.99M
1960-05-24,-9999.99M
1960-05-25,-9999.99M
1960-05-26,-9999.99M
1960-05-27,-9999.99M
1960-05-28,-9999.99M
1960-05-29,-9999.99M
1960-05-30,-9999.99M
1960-05-31,-9999.99M
1960-06-01,-9999.99M
1960-06-02,-9999.99M
1960-06-03,-9999.99M
1960-06-04,-9999.99M
1960-06-05,-9999.99M
1960-06-06,-9999.99M
1960-06-07,-9999.99M
1960-06-08,-9999.99M
1960-06-09,-9999.99M
1960-06-10,-9999.99M
1960-06-11,-9999.99M
1960-06-12,-9999.99M
1960-06-13,-9999.99M
1960-06-14,-9999.99M
1960-06-15,-9999.99M
1960-06-16,-9999.99M
1960-06-17,-9999.99M
1960-06-18,-9999.99M
1960-06-19,-9999.99M
1960-06-20,-9999.99M
1960-06-21,-9999.99M
1960-06-22,-9999.99M
1960-06-23,-9999.99M
1960-06-24,-9999.99M
1960-06-25,-9999.99M
1960-06-26,-9999.99M
1960-06-27,-9999.99M
1960-06-28,-9999.99M
1960-06-29,-9999.99M
1960-06-30,-9999.99M
1960-06-31,-9999.99M
1960-07-01,-9999.99M
1960-07-02,-9999.99M
1960-07-03,-9999.99M
1960-07-04,-9999.99M
1960-07-05,-9999.99M
1960-07-06,-9999.99M
1960-07-07,-9999.99M
1960-07-08,-9999.99M
1960-07-09,-9999.99M
1960-07-10,-9999.99M
1960-07-11,-9999.99M
1960-07-12,-9999.99M
1960-07-13,-9999.99M
1960-07-14,-9999.99M
1960-07-15,-9999.99M
1960-07-16,-9999.99M
1960-07-17,-9999.99M
1960-07-18,-9999.99M
1960-07-19,-9999.99M
1960-07-20,-9999.99M
1960-07-21,-9999.99M
1960-07-22,-9999.99M
1960-07-23,-9999.99M
1960-07-24,-9999.99M
1960-07-25,-9999.99M
1960-07-26,-9999.99M
1960-07-27,-9999.99M
1960-07-28,-9999.99M
1960-07-29,-9999.99M
1960-07-30,-9999.99M
1960-07-31,-9999.99M
1960-08-01,-9999.99M
1960-08-02,-9999.99M
1960-08-03,-9999.99M
1960-08-04,-9999.99M
1960-08-05,-9999.99M
1960-08-06,-9999.99M
1960-08-07,-9999.99M
1960-08-08,-9999.99M
1960-08-09,-9999.99M
1960-08-10,-9999.99M
1960-08-11,-9999.99M
1960-08-12,-9999.99M
1960-08-13,-9999.99M
1960-08-14,-9999.99M
1960-08-15,-9999.99M
1960-08-16,-9999.99M
1960-08-17,-9999.99M
1960-08-18,-9999.99M
1960-08-19,-9999.99M
1960-08-20,-9999.99M
1960-08-21,-9999.99M
1960-08-22,-9999.99M
1960-08-23,-9999.99M
1960-08-24,-9999.99M
1960-08-25,-9999.99M
1960-08-26,-9999.99M
1960-08-27,-9999.99M
1960-08-28,-9999.99M
1960-08-29,-9999.99M
1960-08-30,-9999.99M
1960-08-31,-9999.99M
1960-09-01,-9999.99M
1960-09-02,-9999.99M
1960-09-03,-9999.99M
1960-09-04,-9999.99M
1960-09-05,-9999.99M
1960-09-06,-9999.99M
1960-09-07,-9999.99M
1960-09-08,-9999.99M
1960-09-09,-9999.99M
1960-09-10,-9999.99M
1960-09-11,-9999.99M
1960-09-12,-9999.99M
1960-09-13,-9999.99M
1960-09-14,-9999.99M
1960-09-15,-9999.99M
1960-09-16,-9999.99M
1960-09-17,-9999.99M
1960-09-18,-9999.99M
1960-09-19,-9999.99M
1960-09-20,-9999.99M
1960-09-21,-9999.99M
1960-09-22,-9999.99M
1960-09-23,-9999.99M
1960-09-24,-9999.99M
1960-09-25,-9999.99M
1960-09-26,-9999.99M
1960-09-27,-9999.99M
1960-09-28,-9999.99M
1960-09-29,-9999.99M
1960-09-30,-9999.99M
1960-09-31,-9999.99M
1960-10-01,-9999.99M
1960-10-02,-9999.99M
1960-10-03,-9999.99M
1960-10-04,-9999.99M
1960-10-05,-9999.99M
1960-10-06,-9999.99M
1960-10-07,-9999.99M
1960-10-08,-9999.99M
1960-10-09,-9999.99M
1960-10-10,-9999.99M
1960-10-11,-9999.99M
1960-10-12,-9999.99M
1960-10-13,-9999.99M
1960-10-14,-9999.99M
1960-10-15,-9999.99M
1960-10-16,-9999.99M
1960-10-17,-9999.99M
1960-10-18,-9999.99M
1960-10-19,-9999.99M
1960-10-20,-9999.99M
1960-10-21,-9999.99M
1960-10-22,-9999.99M
1960-10-23,-9999.99M
1960-10-24,-9999.99M
1960-10-25,-9999.99M
1960-10-26,-9999.99M
1960-10-27,-9999.99M
1960-10-28,-9999.99M
1960-10-29,-9999.99M
1960-10-30,-9999.99M
1960-10-31,-9999.99M
1960-11-01,-9999.99M
1960-11-02,-9999.99M
1960-11-03,-9999.99M
1960-11-04,-9999.99M
1960-11-05,-9999.99M
1960-11-06,-9999.99M
1960-11-07,-9999.99M
1960-11-08,-9999.99M
1960-11-09,-9999.99M
1960-11-10,-9999.99M
1960-11-11,-9999.99M
1960-11-12,-9999.99M
1960-11-13,-9999.99M
1960-11-14,-9999.99M
1960-11-15,-9999.99M
1960-11-16,-9999.99M
1960-11-17,-9999.99M
1960-11-18,-9999.99M
1960-11-19,-9999.99M
1960-11-20,-9999.99M
1960-11-21,-9999.99M
1960-11-22,-9999.99M
1960-11-23,-9999.99M
1960-11-24,-9999.99M
1960-11-25,-9999.99M
1960-11-26,-9999.99M
1960-11-27,-9999.99M
1960-11-28,-9999.99M
1960-11-29,-9999.99M
1960-11-30,-9999.99M
1960-11-31,-9999.99M
1960-12-01,-9999.99M
1960-12-02,-9999.99M
1960-12-03,-9999.99M
1960-12-04,-9999.99M
1960-12-05,-9999.99M
1960-12-06,-9999.99M
1960-12-07,-9999.99M
1960-12-08,-9999.99M
1960-12-09,-9999.99M
1960-12-10,-9999.99M
1960-12-11,-9999.99M
1960-12-12,-9999.99M
1960-12-13,-9999.99M
1960-12-14,-9999.99M
1960-12-15,-9999.99M
1960-12-16,-9999.99M
1960-12-17,-9999.99M
1960-12-18,-9999.99M
1960-12-19,-9999.99M
1960-12-20,-9999.99M
1960-12-21,-9999.99M
1960-12-22,-9999.99M
1960-12-23,-9999.99M
1960-12-24,-9999.99M
1960-12-25,-9999.99M
1960-12-26,-9999.99M
1960-12-27,-9999.99M
1960-12-28,-9999.99M
1960-12-29,-9999.99M
1960-12-30,-9999.99M
1960-12-31,-9999.99M
1961-01-01,-9999.99M
1961-01-02,-9999.99M
1961-01-03,-9999.99M
1961-01-04,-9999.99M
1961-01-05,-9999.99M
1961-01-06,-9999.99M
1961-01-07,-9999.99M
1961-01-08,-9999.99M
1961-01-09,-9999.99M
1961-01-10,-9999.99M
1961-01-11,-9999.99M
1961-01-12,-9999.99M
1961-01-13,-9999.99M
1961-01-14,-9999.99M
1961-01-15,-9999.99M
1961-01-16,-9999.99M
1961-01-17,-9999.99M
1961-01-18,-9999.99M
1961-01-19,-9999.99M
1961-01-20,-9999.99M
1961-01-21,-9999.99M
1961-01-22,-9999.99M
1961-01-23,-9999.99M
1961-01-24,-9999.99M
1961-01-25,-9999.99M
1961-01-26,-9999.99M
1961-01-27,-9999.99M
1961-01-28,-9999.99M
1961-01-29,-9999.99M
1961-01-30,-9999.99M
1961-01-31,-9999.99M
1961-02-01,-9999.99M
1961-02-02,-9999.99M
1961-02-03,-9999.99M
1961-02-04,-9999.99M
1961-02-05,-9999.99M
1961-02-06,-9999.99M
1961-02-07,-9999.99M
1961-02-08,-9999.99M
1961-02-09,-9999.99M
1961-02-10,-9999.99M
1961-02-11,-9999.99M
1961-02-12,-9999.99M
1961-02-13,-9999.99M
1961-02-14,-9999.99M
1961-02-15,-9999.99M
1961-02-16,-9999.99M
1961-02-17,-9999.99M
1961-02-18,-9999.99M
1961-02-19,-9999.99M
1961-02-20,-9999.99M
1961-02-21,-9999.99M
1961-02-22,-9999.99M
1961-02-23,-9999.99M
1961-02-24,-9999.99M
1961-02-25,-9999.99M
1961-02-26,-9999.99M
1961-02-27,-9999.99M
1961-02-28,-9999.99M
1961-02-29,-9999.99M
1961-02-30,-9999.99M
1961-02-31,-9999.99M
1961-03-01,-9999.99M
1961-03-02,-9999.99M
1961-03-03,-9999.99M
1961-03-04,-9999.99M
1961-03-05,-9999.99M
1961-03-06,-9999.99M
1961-03-07,-9999.99M
1961-03-08,-9999.99M
1961-03-09,-9999.99M
1961-03-10,-9999.99M
1961-03-11,-9999.99M
1961-03-12,-9999.99M
1961-03-13,-9999.99M
1961-03-14,-9999.99M
1961-03-15,-9999.99M
1961-03-16,-9999.99M
1961-03-17,-9999.99M
1961-03-18,-9999.99M
1961-03-19,-9999.99M
1961-03-20,-9999.99M
1961-03-21,-9999.99M
1961-03-22,-9999.99M
1961-03-23,-9999.99M
1961-03-24,-9999.99M
1961-03-25,-9999.99M
1961-03-26,-9999.99M
1961-03-27,-9999.99M
1961-03-28,-9999.99M
1961-03-29,-9999.99M
1961-03-30,-9999.99M
1961-03-31,-9999.99M
1961-04-01,-9999.99M
1961-04-02,-9999.99M
1961-04-03,-9999.99M
1961-04-04,-9999.99M
1961-04-05,-9999.99M
1961-04-06,-9999.99M
1961-04-07,-9999.99M
1961-04-08,-9999.99M
1961-04-09,-9999.99M
1961-04-10,-9999.99M
1961-04-11,-9999.99M
1961-04-12,-9999.99M
1961-04-13,-9999.99M
1961-04-14,-9999.99M
1961-04-15,-9999.99M
1961-04-16,-9999.99M
1961-04-17,-9999.99M
1961-04-18,-9999.99M
1961-04-19,-9999.99M
1961-04-20,-9999.99M
1961-04-21,-9999.99M
1961-04-22,-9999.99M
1961-04-23,-9999.99M
1961-04-24,-9999.99M
1961-04-25,-9999.99M
1961-04-26,-9999.99M
1961-04-27,-9999.99M
1961-04-28,-9999.99M
1961-04-29,-9999.99M
1961-04-30,-9999.99M
1961-04-31,-9999.99M
1961-05-01,-9999.99M
1961-05-02,-9999.99M
1961-05-03,-9999.99M
1961-05-04,-9999.99M
1961-05-05,-9999.99M
1961-05-06,-9999.99M
1961-05-07,-9999.99M
1961-05-08,-9999.99M
1961-05-09,-9999.99M
1961-05-10,-9999.99M
1961-05-11,-9999.99M
1961-05-12,-9999.99M
1961-05-13,-9999.99M
1961-05-14,-9999.99M
1961-05-15,-9999.99M
1961-05-16,-9999.99M
1961-05-17,-9999.99M
1961-05-18,-9999.99M
1961-05-19,-9999.99M
1961-05-20,-9999.99M
1961-05-21,-9999.99M
1961-05-22,-9999.99M
1961-05-23,-9999.99M
1961-05-24,-9999.99M
1961-05-25,-9999.99M
1961-05-26,-9999.99M
1961-05-27,-9999.99M
1961-05-28,-9999.99M
1961-05-29,-9999.99M
1961-05-30,-9999.99M
1961-05-31,-9999.99M
1961-06-01,-9999.99M
1961-06-02,-9999.99M
1961-06-03,-9999.99M
1961-06-04,-9999.99M
1961-06-05,-9999.99M
1961-06-06,-9999.99M
1961-06-07,-9999.99M
1961-06-08,-9999.99M
1961-06-09,-9999.99M
1961-06-10,-9999.99M
1961-06-11,-9999.99M
1961-06-12,-9999.99M
1961-06-13,-9999.99M
1961-06-14,-9999.99M
1961-06-15,-9999.99M
1961-06-16,-9999.99M
1961-06-17,-9999.99M
1961-06-18,-9999.99M
1961-06-19,-9999.99M
1961-06-20,-9999.99M
1961-06-21,-9999.99M
1961-06-22,-9999.99M
1961-06-23,-9999.99M
1961-06-24,-9999.99M
1961-06-25,-9999.99M
1961-06-26,-9999.99M
1961-06-27,-9999.99M
1961-06-28,-9999.99M
1961-06-29,-9999.99M
1961-06-30,-9999.99M
1961-06-31,-9999.99M
1961-07-01,-9999.99M
1961-07-02,-9999.99M
1961-07-03,-9999.99M
1961-07-04,-9999.99M
1961-07-05,-9999.99M
1961-07-06,-9999.99M
1961-07-07,-9999.99M
1961-07-08,-9999.99M
1961-07-09,-9999.99M
1961-07-10,-9999.99M
1961-07-11,-9999.99M
1961-07-12,-9999.99M
1961-07-13,-9999.99M
1961-07-14,-9999.99M
1961-07-15,-9999.99M
1961-07-16,-9999.99M
1961-07-17,-9999.99M
1961-07-18,-9999.99M
1961-07-19,-9999.99M
1961-07-20,-9999.99M
1961-07-21,-9999.99M
1961-07-22,-9999.99M
1961-07-23,-9999.99M
1961-07-24,-9999.99M
1961-07-25,-9999.99M
1961-07-26,-9999.99M
1961-07-27,-9999.99M
1961-07-28,-9999.99M
1961-07-29,-9999.99M
1961-07-30,-9999.99M
1961-07-31,-9999.99M
1961-08-01,-9999.99M
1961-08-02,-9999.99M
1961-08-03,-9999.99M
1961-08-04,-9999.99M
1961-08-05,-9999.99M
1961-08-06,-9999.99M
1961-08-07,-9999.99M
1961-08-08,-9999.99M
1961-08-09,-9999.99M
1961-08-10,-9999.99M
1961-08-11,-9999.99M
1961-08-12,-9999.99M
1961-08-13,-9999.99M
1961-08-14,-9999.99M
1961-08-15,-9999.99M
1961-08-16,-9999.99M
1961-08-17,-9999.99M
1961-08-18,-9999.99M
1961-08-19,-9999.99M
1961-08-20,-9999.99M
1961-08-21,-9999.99M
1961-08-22,-9999.99M
1961-08-23,-9999.99M
1961-08-24,-9999.99M
1961-08-25,-9999.99M
1961-08-26,-9999.99M
1961-08-27,-9999.99M
1961-08-28,-9999.99M
1961-08-29,-9999.99M
1961-08-30,-9999.99M
1961-08-31,-9999.99M
1961-09-01,-9999.99M
1961-09-02,-9999.99M
1961-09-03,-9999.99M
1961-09-04,-9999.99M
1961-09-05,-9999.99M
1961-09-06,-9999.99M
1961-09-07,-9999.99M
1961-09-08,-9999.99M
1961-09-09,-9999.99M
1961-09-10,-9999.99M
1961-09-11,-9999.99M
1961-09-12,-9999.99M
1961-09-13,-9999.99M
1961-09-14,-9999.99M
1961-09-15,-9999.99M
1961-09-16,-9999.99M
1961-09-17,-9999.99M
1961-09-18,-9999.99M
1961-09-19,-9999.99M
1961-09-20,-9999.99M
1961-09-21,-9999.99M
1961-09-22,-9999.99M
1961-09-23,-9999.99M
1961-09-24,-9999.99M
1961-09-25,-9999.99M
1961-09-26,-9999.99M
1961-09-27,-9999.99M
1961-09-28,-9999.99M
1961-09-29,-9999.99M
1961-09-30,-9999.99M
1961-09-31,-9999.99M
1961-10-01,-9999.99M
1961-10-02,-9999.99M
1961-10-03,-9999.99M
1961-10-04,-9999.99M
1961-10-05,-9999.99M
1961-10-06,-9999.99M
1961-10-07,-9999.99M
1961-10-08,-9999.99M
1961-10-09,-9999.99M
1961-10-10,-9999.99M
1961-10-11,-9999.99M
1961-10-12,-9999.99M
1961-10-13,-9999.99M
1961-10-14,-9999.99M
1961-10-15,-9999.99M
1961-10-16,-9999.99M
1961-10-17,-9999.99M
1961-10-18,-9999.99M
1961-10-19,-9999.99M
1961-10-20,-9999.99M
1961-10-21,-9999.99M
1961-10-22,-9999.99M
1961-10-23,-9999.99M
1961-10-24,-9999.99M
1961-10-25,-9999.99M
1961-10-26,-9999.99M
1961-10-27,-9999.99M
1961-10-28,-9999.99M
1961-10-29,-9999.99M
1961-10-30,-9999.99M
1961-10-31,-9999.99M
1961-11-01,-9999.99M
1961-11-02,-9999.99M
1961-11-03,-9999.99M
1961-11-04,-9999.99M
1961-11-05,-9999.99M
1961-11-06,-9999.99M
1961-11-07,-9999.99M
1961-11-08,-9999.99M
1961-11-09,-9999.99M
1961-11-10,-9999.99M
1961-11-11,-9999.99M
1961-11-12,-9999.99M
1961-11-13,-9999.99M
1961-11-14,-9999.99M
1961-11-15,-9999.99M
1961-11-16,-9999.99M
1961-11-17,-9999.99M
1961-11-18,-9999.99M
1961-11-19,-9999.99M
1961-11-20,-9999.99M
1961-11-21,-9999.99M
1961-11-22,-9999.99M
1961-11-23,-9999.99M
1961-11-24,-9999.99M
1961-11-25,-9999.99M
1961-11-26,-9999.99M
1961-11-27,-9999.99M
1961-11-28,-9999.99M
1961-11-29,-9999.99M
1961-11-30,-9999.99M
1961-11-31,-9999.99M
1961-12-01,-9999.99M
1961-12-02,-9999.99M
1961-12-03,-9999.99M
1961-12-04,-9999.99M
1961-12-05,-9999.99M
1961-12-06,-9999.99M
1961-12-07,-9999.99M
1961-12-08,-9999.99M
1961-12-09,-9999.99M
1961-12-10,-9999.99M
1961-12-11,-9999.99M
1961-12-12,-9999.99M
1961-12-13,-9999.99M
1961-12-14,-9999.99M
1961-12-15,-9999.99M
1961-12-16,-9999.99M
1961-12-17,-9999.99M
1961-12-18,-9999.99M
1961-12-19,-9999.99M
1961-12-20,-9999.99M
1961-12-21,-9999.99M
1961-12-22,-9999.99M
1961-12-23,-9999.99M
1961-12-24,-9999.99M
1961-12-25,-9999.99M
1961-12-26,-9999.99M
1961-12-27,-9999.99M
1961-12-28,-9999.99M
1961-12-29,-9999.99M
1961-12-30,-9999.99M
1961-12-31,-9999.99M
1962-01-01,-9999.99M
1962-01-02,-9999.99M
1962-01-03,-9999.99M
1962-01-04,-9999.99M
1962-01-05,-9999.99M
1962-01-06,-9999.99M
1962-01-07,-9999.99M
1962-01-08,-9999.99M
1962-01-09,-9999.99M
1962-01-10,-9999.99M
1962-01-11,-9999.99M
1962-01-12,-9999.99M
1962-01-13,-9999.99M
1962-01-14,-9999.99M
1962-01-15,-9999.99M
1962-01-16,-9999.99M
1962-01-17,-9999.99M
1962-01-18,-9999.99M
1962-01-19,-9999.99M
1962-01-20,-9999.99M
1962-01-21,-9999.99M
1962-01-22,-9999.99M
1962-01-23,-9999.99M
1962-01-24,-9999.99M
1962-01-25,-9999.99M
1962-01-26,-9999.99M
1962-01-27,-9999.99M
1962-01-28,-9999.99M
1962-01-29,-9999.99M
1962-01-30,-9999.99M
1962-01-31,-9999.99M
1962-02-01,-9999.99M
1962-02-02,-9999.99M
1962-02-03,-9999.99M
1962-02-04,-9999.99M
1962-02-05,-9999.99M
1962-02-06,-9999.99M
1962-02-07,-9999.99M
1962-02-08,-9999.99M
1962-02-09,-9999.99M
1962-02-10,-9999.99M
1962-02-11,-9999.99M
1962-02-12,-9999.99M
1962-02-13,-9999.99M
1962-02-14,-9999.99M
1962-02-15,-9999.99M
1962-02-16,-9999.99M
1962-02-17,-9999.99M
1962-02-18,-9999.99M
1962-02-19,-9999.99M
1962-02-20,-9999.99M
1962-02-21,-9999.99M
1962-02-22,-9999.99M
1962-02-23,-9999.99M
1962-02-24,-9999.99M
1962-02-25,-9999.99M
1962-02-26,-9999.99M
1962-02-27,-9999.99M
1962-02-28,-9999.99M
1962-02-29,-9999.99M
1962-02-30,-9999.99M
1962-02-31,-9999.99M
1962-03-01,-9999.99M
1962-03-02,-9999.99M
1962-03-03,-9999.99M
1962-03-04,-9999.99M
1962-03-05,-9999.99M
1962-03-06,-9999.99M
1962-03-07,-9999.99M
1962-03-08,-9999.99M
1962-03-09,-9999.99M
1962-03-10,-9999.99M
1962-03-11,-9999.99M
1962-03-12,-9999.99M
1962-03-13,-9999.99M
1962-03-14,-9999.99M
1962-03-15,-9999.99M
1962-03-16,-9999.99M
1962-03-17,-9999.99M
1962-03-18,-9999.99M
1962-03-19,-9999.99M
1962-03-20,-9999.99M
1962-03-21,-9999.99M
1962-03-22,-9999.99M
1962-03-23,-9999.99M
1962-03-24,-9999.99M
1962-03-25,-9999.99M
1962-03-26,-9999.99M
1962-03-27,-9999.99M
1962-03-28,-9999.99M
1962-03-29,-9999.99M
1962-03-30,-9999.99M
1962-03-31,-9999.99M
1962-04-01,-9999.99M
1962-04-02,-9999.99M
1962-04-03,-9999.99M
1962-04-04,-9999.99M
1962-04-05,-9999.99M
1962-04-06,-9999.99M
1962-04-07,-9999.99M
1962-04-08,-9999.99M
1962-04-09,-9999.99M
1962-04-10,-9999.99M
1962-04-11,-9999.99M
1962-04-12,-9999.99M
1962-04-13,-9999.99M
1962-04-14,-9999.99M
1962-04-15,-9999.99M
1962-04-16,-9999.99M
1962-04-17,-9999.99M
1962-04-18,-9999.99M
1962-04-19,-9999.99M
1962-04-20,-9999.99M
1962-04-21,-9999.99M
1962-04-22,-9999.99M
1962-04-23,-9999.99M
1962-04-24,-9999.99M
1962-04-25,-9999.99M
1962-04-26,-9999.99M
1962-04-27,-9999.99M
1962-04-28,-9999.99M
1962-04-29,-9999.99M
1962-04-30,-9999.99M
1962-04-31,-9999.99M
1962-05-01,-9999.99M
1962-05-02,-9999.99M
1962-05-03,-9999.99M
1962-05-04,-9999.99M
1962-05-05,-9999.99M
1962-05-06,-9999.99M
1962-05-07,-9999.99M
1962-05-08,-9999.99M
1962-05-09,-9999.99M
1962-05-10,-9999.99M
1962-05-11,-9999.99M
1962-05-12,-9999.99M
1962-05-13,-9999.99M
1962-05-14,-9999.99M
1962-05-15,-9999.99M
1962-05-16,-9999.99M
1962-05-17,-9999.99M
1962-05-18,-9999.99M
1962-05-19,-9999.99M
1962-05-20,-9999.99M
1962-05-21,-9999.99M
1962-05-22,-9999.99M
1962-05-23,-9999.99M
1962-05-24,-9999.99M
1962-05-25,-9999.99M
1962-05-26,-9999.99M
1962-05-27,-9999.99M
1962-05-28,-9999.99M
1962-05-29,-9999.99M
1962-05-30,-9999.99M
1962-05-31,-9999.99M
1962-06-01,-9999.99M
1962-06-02,-9999.99M
1962-06-03,-9999.99M
1962-06-04,-9999.99M
1962-06-05,-9999.99M
1962-06-06,-9999.99M
1962-06-07,-9999.99M
1962-06-08,-9999.99M
1962-06-09,-9999.99M
1962-06-10,-9999.99M
1962-06-11,-9999.99M
1962-06-12,-9999.99M
1962-06-13,-9999.99M
1962-06-14,-9999.99M
1962-06-15,-9999.99M
1962-06-16,-9999.99M
1962-06-17,-9999.99M
1962-06-18,-9999.99M
1962-06-19,-9999.99M
1962-06-20,-9999.99M
1962-06-21,-9999.99M
1962-06-22,-9999.99M
1962-06-23,-9999.99M
1962-06-24,-9999.99M
1962-06-25,-9999.99M
1962-06-26,-9999.99M
1962-06-27,-9999.99M
1962-06-28,-9999.99M
1962-06-29,-9999.99M
1962-06-30,-9999.99M
1962-06-31,-9999.99M
1962-07-01,-9999.99M
1962-07-02,-9999.99M
1962-07-03,-9999.99M
1962-07-04,-9999.99M
1962-07-05,-9999.99M
1962-07-06,-9999.99M
1962-07-07,-9999.99M
1962-07-08,-9999.99M
1962-07-09,-9999.99M
1962-07-10,-9999.99M
1962-07-11,-9999.99M
1962-07-12,-9999.99M
1962-07-13,-9999.99M
1962-07-14,-9999.99M
1962-07-15,-9999.99M
1962-07-16,-9999.99M
1962-07-17,-9999.99M
1962-07-18,-9999.99M
1962-07-19,-9999.99M
1962-07-20,-9999.99M
1962-07-21,-9999.99M
1962-07-22,-9999.99M
1962-07-23,-9999.99M
1962-07-24,-9999.99M
1962-07-25,-9999.99M
1962-07-26,-9999.99M
1962-07-27,-9999.99M
1962-07-28,-9999.99M
1962-07-29,-9999.99M
1962-07-30,-9999.99M
1962-07-31,-9999.99M
1962-08-01,-9999.99M
1962-08-02,-9999.99M
1962-08-03,-9999.99M
1962-08-04,-9999.99M
1962-08-05,-9999.99M
1962-08-06,-9999.99M
1962-08-07,-9999.99M
1962-08-08,-9999.99M
1962-08-09,-9999.99M
1962-08-10,-9999.99M
1962-08-11,-9999.99M
1962-08-12,-9999.99M
1962-08-13,-9999.99M
1962-08-14,-9999.99M
1962-08-15,-9999.99M
1962-08-16,-9999.99M
1962-08-17,-9999.99M
1962-08-18,-9999.99M
1962-08-19,-9999.99M
1962-08-20,-9999.99M
1962-08-21,-9999.99M
1962-08-22,-9999.99M
1962-08-23,-9999.99M
1962-08-24,-9999.99M
1962-08-25,-9999.99M
1962-08-26,-9999.99M
1962-08-27,-9999.99M
1962-08-28,-9999.99M
1962-08-29,-9999.99M
1962-08-30,-9999.99M
1962-08-31,-9999.99M
1962-09-01,-9999.99M
1962-09-02,-9999.99M
1962-09-03,-9999.99M
1962-09-04,-9999.99M
1962-09-05,-9999.99M
1962-09-06,-9999.99M
1962-09-07,-9999.99M
1962-09-08,-9999.99M
1962-09-09,-9999.99M
1962-09-10,-9999.99M
1962-09-11,-9999.99M
1962-09-12,-9999.99M
1962-09-13,-9999.99M
1962-09-14,-9999.99M
1962-09-15,-9999.99M
1962-09-16,-9999.99M
1962-09-17,-9999.99M
1962-09-18,-9999.99M
1962-09-19,-9999.99M
1962-09-20,-9999.99M
1962-09-21,-9999.99M
1962-09-22,-9999.99M
1962-09-23,-9999.99M
1962-09-24,-9999.99M
1962-09-25,-9999.99M
1962-09-26,-9999.99M
1962-09-27,-9999.99M
1962-09-28,-9999.99M
1962-09-29,-9999.99M
1962-09-30,-9999.99M
1962-09-31,-9999.99M
1962-10-01,-9999.99M
1962-10-02,-9999.99M
1962-10-03,-9999.99M
1962-10-04,-9999.99M
1962-10-05,-9999.99M
1962-10-06,-9999.99M
1962-10-07,-9999.99M
1962-10-08,-9999.99M
1962-10-09,-9999.99M
1962-10-10,-9999.99M
1962-10-11,-9999.99M
1962-10-12,-9999.99M
1962-10-13,-9999.99M
1962-10-14,-9999.99M
1962-10-15,-9999.99M
1962-10-16,-9999.99M
1962-10-17,-9999.99M
1962-10-18,-9999.99M
1962-10-19,-9999.99M
1962-10-20,-9999.99M
1962-10-21,-9999.99M
1962-10-22,-9999.99M
1962-10-23,-9999.99M
1962-10-24,-9999.99M
1962-10-25,-9999.99M
1962-10-26,-9999.99M
1962-10-27,-9999.99M
1962-10-28,-9999.99M
1962-10-29,-9999.99M
1962-10-30,-9999.99M
1962-10-31,-9999.99M
1962-11-01,-9999.99M
1962-11-02,-9999.99M
1962-11-03,-9999.99M
1962-11-04,-9999.99M
1962-11-05,-9999.99M
1962-11-06,-9999.99M
1962-11-07,-9999.99M
1962-11-08,-9999.99M
1962-11-09,-9999.99M
1962-11-10,-9999.99M
1962-11-11,-9999.99M
1962-11-12,-9999.99M
1962-11-13,-9999.99M
1962-11-14,-9999.99M
1962-11-15,-9999.99M
1962-11-16,-9999.99M
1962-11-17,-9999.99M
1962-11-18,-9999.99M
1962-11-19,-9999.99M
1962-11-20,-9999.99M
1962-11-21,-9999.99M
1962-11-22,-9999.99M
1962-11-23,-9999.99M
1962-11-24,-9999.99M
1962-11-25,-9999.99M
1962-11-26,-9999.99M
1962-11-27,-9999.99M
1962-11-28,-9999.99M
1962-11-29,-9999.99M
1962-11-30,-9999.99M
1962-11-31,-9999.99M
1962-12-01,-9999.99M
1962-12-02,-9999.99M
1962-12-03,-9999.99M
1962-12-04,-9999.99M
1962-12-05,-9999.99M
1962-12-06,-9999.99M
1962-12-07,-9999.99M
1962-12-08,-9999.99M
1962-12-09,-9999.99M
1962-12-10,-9999.99M
1962-12-11,-9999.99M
1962-12-12,-9999.99M
1962-12-13,-9999.99M
1962-12-14,-9999.99M
1962-12-15,-9999.99M
1962-12-16,-9999.99M
1962-12-17,-9999.99M
1962-12-18,-9999.99M
1962-12-19,-9999.99M
1962-12-20,-9999.99M
1962-12-21,-9999.99M
1962-12-22,-9999.99M
1962-12-23,-9999.99M
1962-12-24,-9999.99M
1962-12-25,-9999.99M
1962-12-26,-9999.99M
1962-12-27,-9999.99M
1962-12-28,-9999.99M
1962-12-29,-9999.99M
1962-12-30,-9999.99M
1962-12-31,-9999.99M
1963-01-01,-9999.99M
1963-01-02,-9999.99M
1963-01-03,-9999.99M
1963-01-04,-9999.99M
1963-01-05,-9999.99M
1963-01-06,-9999.99M
1963-01-07,-9999.99M
1963-01-08,-9999.99M
1963-01-09,-9999.99M
1963-01-10,-9999.99M
1963-01-11,-9999.99M
1963-01-12,-9999.99M
1963-01-13,-9999.99M
1963-01-14,-9999.99M
1963-01-15,-9999.99M
1963-01-16,-9999.99M
1963-01-17,-9999.99M
1963-01-18,-9999.99M
1963-01-19,-9999.99M
1963-01-20,-9999.99M
1963-01-21,-9999.99M
1963-01-22,-9999.99M
1963-01-23,-9999.99M
1963-01-24,-9999.99M
1963-01-25,-9999.99M
1963-01-26,-9999.99M
1963-01-27,-9999.99M
1963-01-28,-9999.99M
1963-01-29,-9999.99M
1963-01-30,-9999.99M
1963-01-31,-9999.99M
1963-02-01,-9999.99M
1963-02-02,-9999.99M
1963-02-03,-9999.99M
1963-02-04,-9999.99M
1963-02-05,-9999.99M
1963-02-06,-9999.99M
1963-02-07,-9999.99M
1963-02-08,-9999.99M
1963-02-09,-9999.99M
1963-02-10,-9999.99M
1963-02-11,-9999.99M
1963-02-12,-9999.99M
1963-02-13,-9999.99M
1963-02-14,-9999.99M
1963-02-15,-9999.99M
1963-02-16,-9999.99M
1963-02-17,-9999.99M
1963-02-18,-9999.99M
1963-02-19,-9999.99M
1963-02-20,-9999.99M
1963-02-21,-9999.99M
1963-02-22,-9999.99M
1963-02-23,-9999.99M
1963-02-24,-9999.99M
1963-02-25,-9999.99M
1963-02-26,-9999.99M
1963-02-27,-9999.99M
1963-02-28,-9999.99M
1963-02-29,-9999.99M
1963-02-30,-9999.99M
1963-02-31,-9999.99M
1963-03-01,-9999.99M
1963-03-02,-9999.99M
1963-03-03,-9999.99M
1963-03-04,-9999.99M
1963-03-05,-9999.99M
1963-03-06,-9999.99M
1963-03-07,-9999.99M
1963-03-08,-9999.99M
1963-03-09,-9999.99M
1963-03-10,-9999.99M
1963-03-11,-9999.99M
1963-03-12,-9999.99M
1963-03-13,-9999.99M
1963-03-14,-9999.99M
1963-03-15,-9999.99M
1963-03-16,-9999.99M
1963-03-17,-9999.99M
1963-03-18,-9999.99M
1963-03-19,-9999.99M
1963-03-20,-9999.99M
1963-03-21,-9999.99M
1963-03-22,-9999.99M
1963-03-23,-9999.99M
1963-03-24,-9999.99M
1963-03-25,-9999.99M
1963-03-26,-9999.99M
1963-03-27,-9999.99M
1963-03-28,-9999.99M
1963-03-29,-9999.99M
1963-03-30,-9999.99M
1963-03-31,-9999.99M
1963-04-01,-9999.99M
1963-04-02,-9999.99M
1963-04-03,-9999.99M
1963-04-04,-9999.99M
1963-04-05,-9999.99M
1963-04-06,-9999.99M
1963-04-07,-9999.99M
1963-04-08,-9999.99M
1963-04-09,-9999.99M
1963-04-10,-9999.99M
1963-04-11,-9999.99M
1963-04-12,-9999.99M
1963-04-13,-9999.99M
1963-04-14,-9999.99M
1963-04-15,-9999.99M
1963-04-16,-9999.99M
1963-04-17,-9999.99M
1963-04-18,-9999.99M
1963-04-19,-9999.99M
1963-04-20,-9999.99M
1963-04-21,-9999.99M
1963-04-22,-9999.99M
1963-04-23,-9999.99M
1963-04-24,-9999.99M
1963-04-25,-9999.99M
1963-04-26,-9999.99M
1963-04-27,-9999.99M
1963-04-28,-9999.99M
1963-04-29,-9999.99M
1963-04-30,-9999.99M
1963-04-31,-9999.99M
1963-05-01,-9999.99M
1963-05-02,-9999.99M
1963-05-03,-9999.99M
1963-05-04,-9999.99M
1963-05-05,-9999.99M
1963-05-06,-9999.99M
1963-05-07,-9999.99M
1963-05-08,-9999.99M
1963-05-09,-9999.99M
1963-05-10,-9999.99M
1963-05-11,-9999.99M
1963-05-12,-9999.99M
1963-05-13,-9999.99M
1963-05-14,-9999.99M
1963-05-15,-9999.99M
1963-05-16,-9999.99M
1963-05-17,-9999.99M
1963-05-18,-9999.99M
1963-05-19,-9999.99M
1963-05-20,-9999.99M
1963-05-21,-9999.99M
1963-05-22,-9999.99M
1963-05-23,-9999.99M
1963-05-24,-9999.99M
1963-05-25,-9999.99M
1963-05-26,-9999.99M
1963-05-27,-9999.99M
1963-05-28,-9999.99M
1963-05-29,-9999.99M
1963-05-30,-9999.99M
1963-05-31,-9999.99M
1963-06-01,-9999.99M
1963-06-02,-9999.99M
1963-06-03,-9999.99M
1963-06-04,-9999.99M
1963-06-05,-9999.99M
1963-06-06,-9999.99M
1963-06-07,-9999.99M
1963-06-08,-9999.99M
1963-06-09,-9999.99M
1963-06-10,-9999.99M
1963-06-11,-9999.99M
1963-06-12,-9999.99M
1963-06-13,-9999.99M
1963-06-14,-9999.99M
1963-06-15,-9999.99M
1963-06-16,-9999.99M
1963-06-17,-9999.99M
1963-06-18,-9999.99M
1963-06-19,-9999.99M
1963-06-20,-9999.99M
1963-06-21,-9999.99M
1963-06-22,-9999.99M
1963-06-23,-9999.99M
1963-06-24,-9999.99M
1963-06-25,-9999.99M
1963-06-26,-9999.99M
1963-06-27,-9999.99M
1963-06-28,-9999.99M
1963-06-29,-9999.99M
1963-06-30,-9999.99M
1963-06-31,-9999.99M
1963-07-01,-9999.99M
1963-07-02,-9999.99M
1963-07-03,-9999.99M
1963-07-04,-9999.99M
1963-07-05,-9999.99M
1963-07-06,-9999.99M
1963-07-07,-9999.99M
1963-07-08,-9999.99M
1963-07-09,-9999.99M
1963-07-10,-9999.99M
1963-07-11,-9999.99M
1963-07-12,-9999.99M
1963-07-13,-9999.99M
1963-07-14,-9999.99M
1963-07-15,-9999.99M
1963-07-16,-9999.99M
1963-07-17,-9999.99M
1963-07-18,-9999.99M
1963-07-19,-9999.99M
1963-07-20,-9999.99M
1963-07-21,-9999.99M
1963-07-22,-9999.99M
1963-07-23,-9999.99M
1963-07-24,-9999.99M
1963-07-25,-9999.99M
1963-07-26,-9999.99M
1963-07-27,-9999.99M
1963-07-28,-9999.99M
1963-07-29,-9999.99M
1963-07-30,-9999.99M
1963-07-31,-9999.99M
1963-08-01,-9999.99M
1963-08-02,-9999.99M
1963-08-03,-9999.99M
1963-08-04,-9999.99M
1963-08-05,-9999.99M
1963-08-06,-9999.99M
1963-08-07,-9999.99M
1963-08-08,-9999.99M
1963-08-09,-9999.99M
1963-08-10,-9999.99M
1963-08-11,-9999.99M
1963-08-12,-9999.99M
1963-08-13,-9999.99M
1963-08-14,-9999.99M
1963-08-15,-9999.99M
1963-08-16,-9999.99M
1963-08-17,-9999.99M
1963-08-18,-9999.99M
1963-08-19,-9999.99M
1963-08-20,-9999.99M
1963-08-21,-9999.99M
1963-08-22,-9999.99M
1963-08-23,-9999.99M
1963-08-24,-9999.99M
1963-08-25,-9999.99M
1963-08-26,-9999.99M
1963-08-27,-9999.99M
1963-08-28,-9999.99M
1963-08-29,-9999.99M
1963-08-30,-9999.99M
1963-08-31,-9999.99M
1963-09-01,-9999.99M
1963-09-02,-9999.99M
1963-09-03,-9999.99M
1963-09-04,-9999.99M
1963-09-05,-9999.99M
1963-09-06,-9999.99M
1963-09-07,-9999.99M
1963-09-08,-9999.99M
1963-09-09,-9999.99M
1963-09-10,-9999.99M
1963-09-11,-9999.99M
1963-09-12,-9999.99M
1963-09-13,-9999.99M
1963-09-14,-9999.99M
1963-09-15,-9999.99M
1963-09-16,-9999.99M
1963-09-17,-9999.99M
1963-09-18,-9999.99M
1963-09-19,-9999.99M
1963-09-20,-9999.99M
1963-09-21,-9999.99M
1963-09-22,-9999.99M
1963-09-23,-9999.99M
1963-09-24,-9999.99M
1963-09-25,-9999.99M
1963-09-26,-9999.99M
1963-09-27,-9999.99M
1963-09-28,-9999.99M
1963-09-29,-9999.99M
1963-09-30,-9999.99M
1963-09-31,-9999.99M
1963-10-01,-9999.99M
1963-10-02,-9999.99M
1963-10-03,-9999.99M
1963-10-04,-9999.99M
1963-10-05,-9999.99M
1963-10-06,-9999.99M
1963-10-07,-9999.99M
1963-10-08,-9999.99M
1963-10-09,-9999.99M
1963-10-10,-9999.99M
1963-10-11,-9999.99M
1963-10-12,-9999.99M
1963-10-13,-9999.99M
1963-10-14,-9999.99M
1963-10-15,-9999.99M
1963-10-16,-9999.99M
1963-10-17,-9999.99M
1963-10-18,-9999.99M
1963-10-19,-9999.99M
1963-10-20,-9999.99M
1963-10-21,-9999.99M
1963-10-22,-9999.99M
1963-10-23,-9999.99M
1963-10-24,-9999.99M
1963-10-25,-9999.99M
1963-10-26,-9999.99M
1963-10-27,-9999.99M
1963-10-28,-9999.99M
1963-10-29,-9999.99M
1963-10-30,-9999.99M
1963-10-31,-9999.99M
1963-11-01,-9999.99M
1963-11-02,-9999.99M
1963-11-03,-9999.99M
1963-11-04,-9999.99M
1963-11-05,-9999.99M
1963-11-06,-9999.99M
1963-11-07,-9999.99M
1963-11-08,-9999.99M
1963-11-09,-9999.99M
1963-11-10,-9999.99M
1963-11-11,-9999.99M
1963-11-12,-9999.99M
1963-11-13,-9999.99M
1963-11-14,-9999.99M
1963-11-15,-9999.99M
1963-11-16,-9999.99M
1963-11-17,-9999.99M
1963-11-18,-9999.99M
1963-11-19,-9999.99M
1963-11-20,-9999.99M
1963-11-21,-9999.99M
1963-11-22,-9999.99M
1963-11-23,-9999.99M
1963-11-24,-9999.99M
1963-11-25,-9999.99M
1963-11-26,-9999.99M
1963-11-27,-9999.99M
1963-11-28,-9999.99M
1963-11-29,-9999.99M
1963-11-30,-9999.99M
1963-11-31,-9999.99M
1963-12-01,-9999.99M
1963-12-02,-9999.99M
1963-12-03,-9999.99M
1963-12-04,-9999.99M
1963-12-05,-9999.99M
1963-12-06,-9999.99M
1963-12-07,-9999.99M
1963-12-08,-9999.99M
1963-12-09,-9999.99M
1963-12-10,-9999.99M
1963-12-11,-9999.99M
1963-12-12,-9999.99M
1963-12-13,-9999.99M
1963-12-14,-9999.99M
1963-12-15,-9999.99M
1963-12-16,-9999.99M
1963-12-17,-9999.99M
1963-12-18,-9999.99M
1963-12-19,-9999.99M
1963-12-20,-9999.99M
1963-12-21,-9999.99M
1963-12-22,-9999.99M
1963-12-23,-9999.99M
1963-12-24,-9999.99M
1963-12-25,-9999.99M
1963-12-26,-9999.99M
1963-12-27,-9999.99M
1963-12-28,-9999.99M
1963-12-29,-9999.99M
1963-12-30,-9999.99M
1963-12-31,-9999.99M
1964-01-01,-9999.99M
1964-01-02,-9999.99M
1964-01-03,-9999.99M
1964-01-04,-9999.99M
1964-01-05,-9999.99M
1964-01-06,-9999.99M
1964-01-07,-9999.99M
1964-01-08,-9999.99M
1964-01-09,-9999.99M
1964-01-10,-9999.99M
1964-01-11,-9999.99M
1964-01-12,-9999.99M
1964-01-13,-9999.99M
1964-01-14,-9999.99M
1964-01-15,-9999.99M
1964-01-16,-9999.99M
1964-01-17,-9999.99M
1964-01-18,-9999.99M
1964-01-19,-9999.99M
1964-01-20,-9999.99M
1964-01-21,-9999.99M
1964-01-22,-9999.99M
1964-01-23,-9999.99M
1964-01-24,-9999.99M
1964-01-25,-9999.99M
1964-01-26,-9999.99M
1964-01-27,-9999.99M
1964-01-28,-9999.99M
1964-01-29,-9999.99M
1964-01-30,-9999.99M
1964-01-31,-9999.99M
1964-02-01,-9999.99M
1964-02-02,-9999.99M
1964-02-03,-9999.99M
1964-02-04,-9999.99M
1964-02-05,-9999.99M
1964-02-06,-9999.99M
1964-02-07,-9999.99M
1964-02-08,-9999.99M
1964-02-09,-9999.99M
1964-02-10,-9999.99M
1964-02-11,-9999.99M
1964-02-12,-9999.99M
1964-02-13,-9999.99M
1964-02-14,-9999.99M
1964-02-15,-9999.99M
1964-02-16,-9999.99M
1964-02-17,-9999.99M
1964-02-18,-9999.99M
1964-02-19,-9999.99M
1964-02-20,-9999.99M
1964-02-21,-9999.99M
1964-02-22,-9999.99M
1964-02-23,-9999.99M
1964-02-24,-9999.99M
1964-02-25,-9999.99M
1964-02-26,-9999.99M
1964-02-27,-9999.99M
1964-02-28,-9999.99M
1964-02-29,-9999.99M
1964-02-30,-9999.99M
1964-02-31,-9999.99M
1964-03-01,-9999.99M
1964-03-02,-9999.99M
1964-03-03,-9999.99M
1964-03-04,-9999.99M
1964-03-05,-9999.99M
1964-03-06,-9999.99M
1964-03-07,-9999.99M
1964-03-08,-9999.99M
1964-03-09,-9999.99M
1964-03-10,-9999.99M
1964-03-11,-9999.99M
1964-03-12,-9999.99M
1964-03-13,-9999.99M
1964-03-14,-9999.99M
1964-03-15,-9999.99M
1964-03-16,-9999.99M
1964-03-17,-9999.99M
1964-03-18,-9999.99M
1964-03-19,-9999.99M
1964-03-20,-9999.99M
1964-03-21,-9999.99M
1964-03-22,-9999.99M
1964-03-23,-9999.99M
1964-03-24,-9999.99M
1964-03-25,-9999.99M
1964-03-26,-9999.99M
1964-03-27,-9999.99M
1964-03-28,-9999.99M
1964-03-29,-9999.99M
1964-03-30,-9999.99M
1964-03-31,-9999.99M
1964-04-01,-9999.99M
1964-04-02,-9999.99M
1964-04-03,-9999.99M
1964-04-04,-9999.99M
1964-04-05,-9999.99M
1964-04-06,-9999.99M
1964-04-07,-9999.99M
1964-04-08,-9999.99M
1964-04-09,-9999.99M
1964-04-10,-9999.99M
1964-04-11,-9999.99M
1964-04-12,-9999.99M
1964-04-13,-9999.99M
1964-04-14,-9999.99M
1964-04-15,-9999.99M
1964-04-16,-9999.99M
1964-04-17,-9999.99M
1964-04-18,-9999.99M
1964-04-19,-9999.99M
1964-04-20,-9999.99M
1964-04-21,-9999.99M
1964-04-22,-9999.99M
1964-04-23,-9999.99M
1964-04-24,-9999.99M
1964-04-25,-9999.99M
1964-04-26,-9999.99M
1964-04-27,-9999.99M
1964-04-28,-9999.99M
1964-04-29,-9999.99M
1964-04-30,-9999.99M
1964-04-31,-9999.99M
1964-05-01,-9999.99M
1964-05-02,-9999.99M
1964-05-03,-9999.99M
1964-05-04,-9999.99M
1964-05-05,-9999.99M
1964-05-06,-9999.99M
1964-05-07,-9999.99M
1964-05-08,-9999.99M
1964-05-09,-9999.99M
1964-05-10,-9999.99M
1964-05-11,-9999.99M
1964-05-12,-9999.99M
1964-05-13,-9999.99M
1964-05-14,-9999.99M
1964-05-15,-9999.99M
1964-05-16,-9999.99M
1964-05-17,-9999.99M
1964-05-18,-9999.99M
1964-05-19,-9999.99M
1964-05-20,-9999.99M
1964-05-21,-9999.99M
1964-05-22,-9999.99M
1964-05-23,-9999.99M
1964-05-24,-9999.99M
1964-05-25,-9999.99M
1964-05-26,-9999.99M
1964-05-27,-9999.99M
1964-05-28,-9999.99M
1964-05-29,-9999.99M
1964-05-30,-9999.99M
1964-05-31,-9999.99M
1964-06-01,-9999.99M
1964-06-02,-9999.99M
1964-06-03,-9999.99M
1964-06-04,-9999.99M
1964-06-05,-9999.99M
1964-06-06,-9999.99M
1964-06-07,-9999.99M
1964-06-08,-9999.99M
1964-06-09,-9999.99M
1964-06-10,-9999.99M
1964-06-11,-9999.99M
1964-06-12,-9999.99M
1964-06-13,-9999.99M
1964-06-14,-9999.99M
1964-06-15,-9999.99M
1964-06-16,-9999.99M
1964-06-17,-9999.99M
1964-06-18,-9999.99M
1964-06-19,-9999.99M
1964-06-20,-9999.99M
1964-06-21,-9999.99M
1964-06-22,-9999.99M
1964-06-23,-9999.99M
1964-06-24,-9999.99M
1964-06-25,-9999.99M
1964-06-26,-9999.99M
1964-06-27,-9999.99M
1964-06-28,-9999.99M
1964-06-29,-9999.99M
1964-06-30,-9999.99M
1964-06-31,-9999.99M
1964-07-01,-9999.99M
1964-07-02,-9999.99M
1964-07-03,-9999.99M
1964-07-04,-9999.99M
1964-07-05,-9999.99M
1964-07-06,-9999.99M
1964-07-07,-9999.99M
1964-07-08,-9999.99M
1964-07-09,-9999.99M
1964-07-10,-9999.99M
1964-07-11,-9999.99M
1964-07-12,-9999.99M
1964-07-13,-9999.99M
1964-07-14,-9999.99M
1964-07-15,-9999.99M
1964-07-16,-9999.99M
1964-07-17,-9999.99M
1964-07-18,-9999.99M
1964-07-19,-9999.99M
1964-07-20,-9999.99M
1964-07-21,-9999.99M
1964-07-22,-9999.99M
1964-07-23,-9999.99M
1964-07-24,-9999.99M
1964-07-25,-9999.99M
1964-07-26,-9999.99M
1964-07-27,-9999.99M
1964-07-28,-9999.99M
1964-07-29,-9999.99M
1964-07-30,-9999.99M
1964-07-31,-9999.99M
1964-08-01,-9999.99M
1964-08-02,-9999.99M
1964-08-03,-9999.99M
1964-08-04,-9999.99M
1964-08-05,-9999.99M
1964-08-06,-9999.99M
1964-08-07,-9999.99M
1964-08-08,-9999.99M
1964-08-09,-9999.99M
1964-08-10,-9999.99M
1964-08-11,-9999.99M
1964-08-12,-9999.99M
1964-08-13,-9999.99M
1964-08-14,-9999.99M
1964-08-15,-9999.99M
1964-08-16,-9999.99M
1964-08-17,-9999.99M
1964-08-18,-9999.99M
1964-08-19,-9999.99M
1964-08-20,-9999.99M
1964-08-21,-9999.99M
1964-08-22,-9999.99M
1964-08-23,-9999.99M
1964-08-24,-9999.99M
1964-08-25,-9999.99M
1964-08-26,-9999.99M
1964-08-27,-9999.99M
1964-08-28,-9999.99M
1964-08-29,-9999.99M
1964-08-30,-9999.99M
1964-08-31,-9999.99M
1964-09-01,-9999.99M
1964-09-02,-9999.99M
1964-09-03,-9999.99M
1964-09-04,-9999.99M
1964-09-05,-9999.99M
1964-09-06,-9999.99M
1964-09-07,-9999.99M
1964-09-08,-9999.99M
1964-09-09,-9999.99M
1964-09-10,-9999.99M
1964-09-11,-9999.99M
1964-09-12,-9999.99M
1964-09-13,-9999.99M
1964-09-14,-9999.99M
1964-09-15,-9999.99M
1964-09-16,-9999.99M
1964-09-17,-9999.99M
1964-09-18,-9999.99M
1964-09-19,-9999.99M
1964-09-20,-9999.99M
1964-09-21,-9999.99M
1964-09-22,-9999.99M
1964-09-23,-9999.99M
1964-09-24,-9999.99M
1964-09-25,-9999.99M
1964-09-26,-9999.99M
1964-09-27,-9999.99M
1964-09-28,-9999.99M
1964-09-29,-9999.99M
1964-09-30,-9999.99M
1964-09-31,-9999.99M
1964-10-01,-9999.99M
1964-10-02,-9999.99M
1964-10-03,-9999.99M
1964-10-04,-9999.99M
1964-10-05,-9999.99M
1964-10-06,-9999.99M
1964-10-07,-9999.99M
1964-10-08,-9999.99M
1964-10-09,-9999.99M
1964-10-10,-9999.99M
1964-10-11,-9999.99M
1964-10-12,-9999.99M
1964-10-13,-9999.99M
1964-10-14,-9999.99M
1964-10-15,-9999.99M
1964-10-16,-9999.99M
1964-10-17,-9999.99M
1964-10-18,-9999.99M
1964-10-19,-9999.99M
1964-10-20,-9999.99M
1964-10-21,-9999.99M
1964-10-22,-9999.99M
1964-10-23,-9999.99M
1964-10-24,-9999.99M
1964-10-25,-9999.99M
1964-10-26,-9999.99M
1964-10-27,-9999.99M
1964-10-28,-9999.99M
1964-10-29,-9999.99M
1964-10-30,-9999.99M
1964-10-31,-9999.99M
1964-11-01,-9999.99M
1964-11-02,-9999.99M
1964-11-03,-9999.99M
1964-11-04,-9999.99M
1964-11-05,-9999.99M
1964-11-06,-9999.99M
1964-11-07,-9999.99M
1964-11-08,-9999.99M
1964-11-09,-9999.99M
1964-11-10,-9999.99M
1964-11-11,-9999.99M
1964-11-12,-9999.99M
1964-11-13,-9999.99M
1964-11-14,-9999.99M
1964-11-15,-9999.99M
1964-11-16,-9999.99M
1964-11-17,-9999.99M
1964-11-18,-9999.99M
1964-11-19,-9999.99M
1964-11-20,-9999.99M
1964-11-21,-9999.99M
1964-11-22,-9999.99M
1964-11-23,-9999.99M
1964-11-24,-9999.99M
1964-11-25,-9999.99M
1964-11-26,-9999.99M
1964-11-27,-9999.99M
1964-11-28,-9999.99M
1964-11-29,-9999.99M
1964-11-30,-9999.99M
1964-11-31,-9999.99M
1964-12-01,-9999.99M
1964-12-02,-9999.99M
1964-12-03,-9999.99M
1964-12-04,-9999.99M
1964-12-05,-9999.99M
1964-12-06,-9999.99M
1964-12-07,-9999.99M
1964-12-08,-9999.99M
1964-12-09,-9999.99M
1964-12-10,-9999.99M
1964-12-11,-9999.99M
1964-12-12,-9999.99M
1964-12-13,-9999.99M
1964-12-14,-9999.99M
1964-12-15,-9999.99M
1964-12-16,-9999.99M
1964-12-17,-9999.99M
1964-12-18,-9999.99M
1964-12-19,-9999.99M
1964-12-20,-9999.99M
1964-12-21,-9999.99M
1964-12-22,-9999.99M
1964-12-23,-9999.99M
1964-12-24,-9999.99M
1964-12-25,-9999.99M
1964-12-26,-9999.99M
1964-12-27,-9999.99M
1964-12-28,-9999.99M
1964-12-29,-9999.99M
1964-12-30,-9999.99M
1964-12-31,-9999.99M
1965-01-01,-9999.99M
1965-01-02,-9999.99M
1965-01-03,-9999.99M
1965-01-04,-9999.99M
1965-01-05,-9999.99M
1965-01-06,-9999.99M
1965-01-07,-9999.99M
1965-01-08,-9999.99M
1965-01-09,-9999.99M
1965-01-10,-9999.99M
1965-01-11,-9999.99M
1965-01-12,-9999.99M
1965-01-13,-9999.99M
1965-01-14,-9999.99M
1965-01-15,-9999.99M
1965-01-16,-9999.99M
1965-01-17,-9999.99M
1965-01-18,-9999.99M
1965-01-19,-9999.99M
1965-01-20,-9999.99M
1965-01-21,-9999.99M
1965-01-22,-9999.99M
1965-01-23,-9999.99M
1965-01-24,-9999.99M
1965-01-25,-9999.99M
1965-01-26,-9999.99M
1965-01-27,-9999.99M
1965-01-28,-9999.99M
1965-01-29,-9999.99M
1965-01-30,-9999.99M
1965-01-31,-9999.99M
1965-02-01,-9999.99M
1965-02-02,-9999.99M
1965-02-03,-9999.99M
1965-02-04,-9999.99M
1965-02-05,-9999.99M
1965-02-06,-9999.99M
1965-02-07,-9999.99M
1965-02-08,-9999.99M
1965-02-09,-9999.99M
1965-02-10,-9999.99M
1965-02-11,-9999.99M
1965-02-12,-9999.99M
1965-02-13,-9999.99M
1965-02-14,-9999.99M
1965-02-15,-9999.99M
1965-02-16,-9999.99M
1965-02-17,-9999.99M
1965-02-18,-9999.99M
1965-02-19,-9999.99M
1965-02-20,-9999.99M
1965-02-21,-9999.99M
1965-02-22,-9999.99M
1965-02-23,-9999.99M
1965-02-24,-9999.99M
1965-02-25,-9999.99M
1965-02-26,-9999.99M
1965-02-27,-9999.99M
1965-02-28,-9999.99M
1965-02-29,-9999.99M
1965-02-30,-9999.99M
1965-02-31,-9999.99M
1965-03-01,-9999.99M
1965-03-02,-9999.99M
1965-03-03,-9999.99M
1965-03-04,-9999.99M
1965-03-05,-9999.99M
1965-03-06,-9999.99M
1965-03-07,-9999.99M
1965-03-08,-9999.99M
1965-03-09,-9999.99M
1965-03-10,-9999.99M
1965-03-11,-9999.99M
1965-03-12,-9999.99M
1965-03-13,-9999.99M
1965-03-14,-9999.99M
1965-03-15,-9999.99M
1965-03-16,-9999.99M
1965-03-17,-9999.99M
1965-03-18,-9999.99M
1965-03-19,-9999.99M
1965-03-20,-9999.99M
1965-03-21,-9999.99M
1965-03-22,-9999.99M
1965-03-23,-9999.99M
1965-03-24,-9999.99M
1965-03-25,-9999.99M
1965-03-26,-9999.99M
1965-03-27,-9999.99M
1965-03-28,-9999.99M
1965-03-29,-9999.99M
1965-03-30,-9999.99M
1965-03-31,-9999.99M
1965-04-01,-9999.99M
1965-04-02,-9999.99M
1965-04-03,-9999.99M
1965-04-04,-9999.99M
1965-04-05,-9999.99M
1965-04-06,-9999.99M
1965-04-07,-9999.99M
1965-04-08,-9999.99M
1965-04-09,-9999.99M
1965-04-10,-9999.99M
1965-04-11,-9999.99M
1965-04-12,-9999.99M
1965-04-13,-9999.99M
1965-04-14,-9999.99M
1965-04-15,-9999.99M
1965-04-16,-9999.99M
1965-04-17,-9999.99M
1965-04-18,-9999.99M
1965-04-19,-9999.99M
1965-04-20,-9999.99M
1965-04-21,-9999.99M
1965-04-22,-9999.99M
1965-04-23,-9999.99M
1965-04-24,-9999.99M
1965-04-25,-9999.99M
1965-04-26,-9999.99M
1965-04-27,-9999.99M
1965-04-28,-9999.99M
1965-04-29,-9999.99M
1965-04-30,-9999.99M
1965-04-31,-9999.99M
1965-05-01,-9999.99M
1965-05-02,-9999.99M
1965-05-03,-9999.99M
1965-05-04,-9999.99M
1965-05-05,-9999.99M
1965-05-06,-9999.99M
1965-05-07,-9999.99M
1965-05-08,-9999.99M
1965-05-09,-9999.99M
1965-05-10,-9999.99M
1965-05-11,-9999.99M
1965-05-12,-9999.99M
1965-05-13,-9999.99M
1965-05-14,-9999.99M
1965-05-15,-9999.99M
1965-05-16,-9999.99M
1965-05-17,-9999.99M
1965-05-18,-9999.99M
1965-05-19,-9999.99M
1965-05-20,-9999.99M
1965-05-21,-9999.99M
1965-05-22,-9999.99M
1965-05-23,-9999.99M
1965-05-24,-9999.99M
1965-05-25,-9999.99M
1965-05-26,-9999.99M
1965-05-27,-9999.99M
1965-05-28,-9999.99M
1965-05-29,-9999.99M
1965-05-30,-9999.99M
1965-05-31,-9999.99M
1965-06-01,-9999.99M
1965-06-02,-9999.99M
1965-06-03,-9999.99M
1965-06-04,-9999.99M
1965-06-05,-9999.99M
1965-06-06,-9999.99M
1965-06-07,-9999.99M
1965-06-08,-9999.99M
1965-06-09,-9999.99M
1965-06-10,-9999.99M
1965-06-11,-9999.99M
1965-06-12,-9999.99M
1965-06-13,-9999.99M
1965-06-14,-9999.99M
1965-06-15,-9999.99M
1965-06-16,-9999.99M
1965-06-17,-9999.99M
1965-06-18,-9999.99M
1965-06-19,-9999.99M
1965-06-20,-9999.99M
1965-06-21,-9999.99M
1965-06-22,-9999.99M
1965-06-23,-9999.99M
1965-06-24,-9999.99M
1965-06-25,-9999.99M
1965-06-26,-9999.99M
1965-06-27,-9999.99M
1965-06-28,-9999.99M
1965-06-29,-9999.99M
1965-06-30,-9999.99M
1965-06-31,-9999.99M
1965-07-01,-9999.99M
1965-07-02,-9999.99M
1965-07-03,-9999.99M
1965-07-04,-9999.99M
1965-07-05,-9999.99M
1965-07-06,-9999.99M
1965-07-07,-9999.99M
1965-07-08,-9999.99M
1965-07-09,-9999.99M
1965-07-10,-9999.99M
1965-07-11,-9999.99M
1965-07-12,-9999.99M
1965-07-13,-9999.99M
1965-07-14,-9999.99M
1965-07-15,-9999.99M
1965-07-16,-9999.99M
1965-07-17,-9999.99M
1965-07-18,-9999.99M
1965-07-19,-9999.99M
1965-07-20,-9999.99M
1965-07-21,-9999.99M
1965-07-22,-9999.99M
1965-07-23,-9999.99M
1965-07-24,-9999.99M
1965-07-25,-9999.99M
1965-07-26,-9999.99M
1965-07-27,-9999.99M
1965-07-28,-9999.99M
1965-07-29,-9999.99M
1965-07-30,-9999.99M
1965-07-31,-9999.99M
1965-08-01,-9999.99M
1965-08-02,-9999.99M
1965-08-03,-9999.99M
1965-08-04,-9999.99M
1965-08-05,-9999.99M
1965-08-06,-9999.99M
1965-08-07,-9999.99M
1965-08-08,-9999.99M
1965-08-09,-9999.99M
1965-08-10,-9999.99M
1965-08-11,-9999.99M
1965-08-12,-9999.99M
1965-08-13,-9999.99M
1965-08-14,-9999.99M
1965-08-15,-9999.99M
1965-08-16,-9999.99M
1965-08-17,-9999.99M
1965-08-18,-9999.99M
1965-08-19,-9999.99M
1965-08-20,-9999.99M
1965-08-21,-9999.99M
1965-08-22,-9999.99M
1965-08-23,-9999.99M
1965-08-24,-9999.99M
1965-08-25,-9999.99M
1965-08-26,-9999.99M
1965-08-27,-9999.99M
1965-08-28,-9999.99M
1965-08-29,-9999.99M
1965-08-30,-9999.99M
1965-08-31,-9999.99M
1965-09-01,-9999.99M
1965-09-02,-9999.99M
1965-09-03,-9999.99M
1965-09-04,-9999.99M
1965-09-05,-9999.99M
1965-09-06,-9999.99M
1965-09-07,-9999.99M
1965-09-08,-9999.99M
1965-09-09,-9999.99M
1965-09-10,-9999.99M
1965-09-11,-9999.99M
1965-09-12,-9999.99M
1965-09-13,-9999.99M
1965-09-14,-9999.99M
1965-09-15,-9999.99M
1965-09-16,-9999.99M
1965-09-17,-9999.99M
1965-09-18,-9999.99M
1965-09-19,-9999.99M
1965-09-20,-9999.99M
1965-09-21,-9999.99M
1965-09-22,-9999.99M
1965-09-23,-9999.99M
1965-09-24,-9999.99M
1965-09-25,-9999.99M
1965-09-26,-9999.99M
1965-09-27,-9999.99M
1965-09-28,-9999.99M
1965-09-29,-9999.99M
1965-09-30,-9999.99M
1965-09-31,-9999.99M
1965-10-01,-9999.99M
1965-10-02,-9999.99M
1965-10-03,-9999.99M
1965-10-04,-9999.99M
1965-10-05,-9999.99M
1965-10-06,-9999.99M
1965-10-07,-9999.99M
1965-10-08,-9999.99M
1965-10-09,-9999.99M
1965-10-10,-9999.99M
1965-10-11,-9999.99M
1965-10-12,-9999.99M
1965-10-13,-9999.99M
1965-10-14,-9999.99M
1965-10-15,-9999.99M
1965-10-16,-9999.99M
1965-10-17,-9999.99M
1965-10-18,-9999.99M
1965-10-19,-9999.99M
1965-10-20,-9999.99M
1965-10-21,-9999.99M
1965-10-22,-9999.99M
1965-10-23,-9999.99M
1965-10-24,-9999.99M
1965-10-25,-9999.99M
1965-10-26,-9999.99M
1965-10-27,-9999.99M
1965-10-28,-9999.99M
1965-10-29,-9999.99M
1965-10-30,-9999.99M
1965-10-31,-9999.99M
1965-11-01,-9999.99M
1965-11-02,-9999.99M
1965-11-03,-9999.99M
1965-11-04,-9999.99M
1965-11-05,-9999.99M
1965-11-06,-9999.99M
1965-11-07,-9999.99M
1965-11-08,-9999.99M
1965-11-09,-9999.99M
1965-11-10,-9999.99M
1965-11-11,-9999.99M
1965-11-12,-9999.99M
1965-11-13,-9999.99M
1965-11-14,-9999.99M
1965-11-15,-9999.99M
1965-11-16,-9999.99M
1965-11-17,-9999.99M
1965-11-18,-9999.99M
1965-11-19,-9999.99M
1965-11-20,-9999.99M
1965-11-21,-9999.99M
1965-11-22,-9999.99M
1965-11-23,-9999.99M
1965-11-24,-9999.99M
1965-11-25,-9999.99M
1965-11-26,-9999.99M
1965-11-27,-9999.99M
1965-11-28,-9999.99M
1965-11-29,-9999.99M
1965-11-30,-9999.99M
1965-11-31,-9999.99M
1965-12-01,-9999.99M
1965-12-02,-9999.99M
1965-12-03,-9999.99M
1965-12-04,-9999.99M
1965-12-05,-9999.99M
1965-12-06,-9999.99M
1965-12-07,-9999.99M
1965-12-08,-9999.99M
1965-12-09,-9999.99M
1965-12-10,-9999.99M
1965-12-11,-9999.99M
1965-12-12,-9999.99M
1965-12-13,-9999.99M
1965-12-14,-9999.99M
1965-12-15,-9999.99M
1965-12-16,-9999.99M
1965-12-17,-9999.99M
1965-12-18,-9999.99M
1965-12-19,-9999.99M
1965-12-20,-9999.99M
1965-12-21,-9999.99M
1965-12-22,-9999.99M
1965-12-23,-9999.99M
1965-12-24,-9999.99M
1965-12-25,-9999.99M
1965-12-26,-9999.99M
1965-12-27,-9999.99M
1965-12-28,-9999.99M
1965-12-29,-9999.99M
1965-12-30,-9999.99M
1965-12-31,-9999.99M
1966-01-01,-9999.99M
1966-01-02,-9999.99M
1966-01-03,-9999.99M
1966-01-04,-9999.99M
1966-01-05,-9999.99M
1966-01-06,-9999.99M
1966-01-07,-9999.99M
1966-01-08,-9999.99M
1966-01-09,-9999.99M
1966-01-10,-9999.99M
1966-01-11,-9999.99M
1966-01-12,-9999.99M
1966-01-13,-9999.99M
1966-01-14,-9999.99M
1966-01-15,-9999.99M
1966-01-16,-9999.99M
1966-01-17,-9999.99M
1966-01-18,-9999.99M
1966-01-19,-9999.99M
1966-01-20,-9999.99M
1966-01-21,-9999.99M
1966-01-22,-9999.99M
1966-01-23,-9999.99M
1966-01-24,-9999.99M
1966-01-25,-9999.99M
1966-01-26,-9999.99M
1966-01-27,-9999.99M
1966-01-28,-9999.99M
1966-01-29,-9999.99M
1966-01-30,-9999.99M
1966-01-31,-9999.99M
1966-02-01,-9999.99M
1966-02-02,-9999.99M
1966-02-03,-9999.99M
1966-02-04,-9999.99M
1966-02-05,-9999.99M
1966-02-06,-9999.99M
1966-02-07,-9999.99M
1966-02-08,-9999.99M
1966-02-09,-9999.99M
1966-02-10,-9999.99M
1966-02-11,-9999.99M
1966-02-12,-9999.99M
1966-02-13,-9999.99M
1966-02-14,-9999.99M
1966-02-15,-9999.99M
1966-02-16,-9999.99M
1966-02-17,-9999.99M
1966-02-18,-9999.99M
1966-02-19,-9999.99M
1966-02-20,-9999.99M
1966-02-21,-9999.99M
1966-02-22,-9999.99M
1966-02-23,-9999.99M
1966-02-24,-9999.99M
1966-02-25,-9999.99M
1966-02-26,-9999.99M
1966-02-27,-9999.99M
1966-02-28,-9999.99M
1966-02-29,-9999.99M
1966-02-30,-9999.99M
1966-02-31,-9999.99M
1966-03-01,-9999.99M
1966-03-02,-9999.99M
1966-03-03,-9999.99M
1966-03-04,-9999.99M
1966-03-05,-9999.99M
1966-03-06,-9999.99M
1966-03-07,-9999.99M
1966-03-08,-9999.99M
1966-03-09,-9999.99M
1966-03-10,-9999.99M
1966-03-11,-9999.99M
1966-03-12,-9999.99M
1966-03-13,-9999.99M
1966-03-14,-9999.99M
1966-03-15,-9999.99M
1966-03-16,-9999.99M
1966-03-17,-9999.99M
1966-03-18,-9999.99M
1966-03-19,-9999.99M
1966-03-20,-9999.99M
1966-03-21,-9999.99M
1966-03-22,-9999.99M
1966-03-23,-9999.99M
1966-03-24,-9999.99M
1966-03-25,-9999.99M
1966-03-26,-9999.99M
1966-03-27,-9999.99M
1966-03-28,-9999.99M
1966-03-29,-9999.99M
1966-03-30,-9999.99M
1966-03-31,-9999.99M
1966-04-01,-9999.99M
1966-04-02,-9999.99M
1966-04-03,-9999.99M
1966-04-04,-9999.99M
1966-04-05,-9999.99M
1966-04-06,-9999.99M
1966-04-07,-9999.99M
1966-04-08,-9999.99M
1966-04-09,-9999.99M
1966-04-10,-9999.99M
1966-04-11,-9999.99M
1966-04-12,-9999.99M
1966-04-13,-9999.99M
1966-04-14,-9999.99M
1966-04-15,-9999.99M
1966-04-16,-9999.99M
1966-04-17,-9999.99M
1966-04-18,-9999.99M
1966-04-19,-9999.99M
1966-04-20,-9999.99M
1966-04-21,-9999.99M
1966-04-22,-9999.99M
1966-04-23,-9999.99M
1966-04-24,-9999.99M
1966-04-25,-9999.99M
1966-04-26,-9999.99M
1966-04-27,-9999.99M
1966-04-28,-9999.99M
1966-04-29,-9999.99M
1966-04-30,-9999.99M
1966-04-31,-9999.99M
1966-05-01,-9999.99M
1966-05-02,-9999.99M
1966-05-03,-9999.99M
1966-05-04,-9999.99M
1966-05-05,-9999.99M
1966-05-06,-9999.99M
1966-05-07,-9999.99M
1966-05-08,-9999.99M
1966-05-09,-9999.99M
1966-05-10,-9999.99M
1966-05-11,-9999.99M
1966-05-12,-9999.99M
1966-05-13,-9999.99M
1966-05-14,-9999.99M
1966-05-15,-9999.99M
1966-05-16,-9999.99M
1966-05-17,-9999.99M
1966-05-18,-9999.99M
1966-05-19,-9999.99M
1966-05-20,-9999.99M
1966-05-21,-9999.99M
1966-05-22,-9999.99M
1966-05-23,-9999.99M
1966-05-24,-9999.99M
1966-05-25,-9999.99M
1966-05-26,-9999.99M
1966-05-27,-9999.99M
1966-05-28,-9999.99M
1966-05-29,-9999.99M
1966-05-30,-9999.99M
1966-05-31,-9999.99M
1966-06-01,-9999.99M
1966-06-02,-9999.99M
1966-06-03,-9999.99M
1966-06-04,-9999.99M
1966-06-05,-9999.99M
1966-06-06,-9999.99M
1966-06-07,-9999.99M
1966-06-08,-9999.99M
1966-06-09,-9999.99M
1966-06-10,-9999.99M
1966-06-11,-9999.99M
1966-06-12,-9999.99M
1966-06-13,-9999.99M
1966-06-14,-9999.99M
1966-06-15,-9999.99M
1966-06-16,-9999.99M
1966-06-17,-9999.99M
1966-06-18,-9999.99M
1966-06-19,-9999.99M
1966-06-20,-9999.99M
1966-06-21,-9999.99M
1966-06-22,-9999.99M
1966-06-23,-9999.99M
1966-06-24,-9999.99M
1966-06-25,-9999.99M
1966-06-26,-9999.99M
1966-06-27,-9999.99M
1966-06-28,-9999.99M
1966-06-29,-9999.99M
1966-06-30,-9999.99M
1966-06-31,-9999.99M
1966-07-01,-9999.99M
1966-07-02,-9999.99M
1966-07-03,-9999.99M
1966-07-04,-9999.99M
1966-07-05,-9999.99M
1966-07-06,-9999.99M
1966-07-07,-9999.99M
1966-07-08,-9999.99M
1966-07-09,-9999.99M
1966-07-10,-9999.99M
1966-07-11,-9999.99M
1966-07-12,-9999.99M
1966-07-13,-9999.99M
1966-07-14,-9999.99M
1966-07-15,-9999.99M
1966-07-16,-9999.99M
1966-07-17,-9999.99M
1966-07-18,-9999.99M
1966-07-19,-9999.99M
1966-07-20,-9999.99M
1966-07-21,-9999.99M
1966-07-22,-9999.99M
1966-07-23,-9999.99M
1966-07-24,-9999.99M
1966-07-25,-9999.99M
1966-07-26,-9999.99M
1966-07-27,-9999.99M
1966-07-28,-9999.99M
1966-07-29,-9999.99M
1966-07-30,-9999.99M
1966-07-31,-9999.99M
1966-08-01,-9999.99M
1966-08-02,-9999.99M
1966-08-03,-9999.99M
1966-08-04,-9999.99M
1966-08-05,-9999.99M
1966-08-06,-9999.99M
1966-08-07,-9999.99M
1966-08-08,-9999.99M
1966-08-09,-9999.99M
1966-08-10,-9999.99M
1966-08-11,-9999.99M
1966-08-12,-9999.99M
1966-08-13,-9999.99M
1966-08-14,-9999.99M
1966-08-15,-9999.99M
1966-08-16,-9999.99M
1966-08-17,-9999.99M
1966-08-18,-9999.99M
1966-08-19,-9999.99M
1966-08-20,-9999.99M
1966-08-21,-9999.99M
1966-08-22,-9999.99M
1966-08-23,-9999.99M
1966-08-24,-9999.99M
1966-08-25,-9999.99M
1966-08-26,-9999.99M
1966-08-27,-9999.99M
1966-08-28,-9999.99M
1966-08-29,-9999.99M
1966-08-30,-9999.99M
1966-08-31,-9999.99M
1966-09-01,-9999.99M
1966-09-02,-9999.99M
1966-09-03,-9999.99M
1966-09-04,-9999.99M
1966-09-05,-9999.99M
1966-09-06,-9999.99M
1966-09-07,-9999.99M
1966-09-08,-9999.99M
1966-09-09,-9999.99M
1966-09-10,-9999.99M
1966-09-11,-9999.99M
1966-09-12,-9999.99M
1966-09-13,-9999.99M
1966-09-14,-9999.99M
1966-09-15,-9999.99M
1966-09-16,-9999.99M
1966-09-17,-9999.99M
1966-09-18,-9999.99M
1966-09-19,-9999.99M
1966-09-20,-9999.99M
1966-09-21,-9999.99M
1966-09-22,-9999.99M
1966-09-23,-9999.99M
1966-09-24,-9999.99M
1966-09-25,-9999.99M
1966-09-26,-9999.99M
1966-09-27,-9999.99M
1966-09-28,-9999.99M
1966-09-29,-9999.99M
1966-09-30,-9999.99M
1966-09-31,-9999.99M
1966-10-01,-9999.99M
1966-10-02,-9999.99M
1966-10-03,-9999.99M
1966-10-04,-9999.99M
1966-10-05,-9999.99M
1966-10-06,-9999.99M
1966-10-07,-9999.99M
1966-10-08,-9999.99M
1966-10-09,-9999.99M
1966-10-10,-9999.99M
1966-10-11,-9999.99M
1966-10-12,-9999.99M
1966-10-13,-9999.99M
1966-10-14,-9999.99M
1966-10-15,-9999.99M
1966-10-16,-9999.99M
1966-10-17,-9999.99M
1966-10-18,-9999.99M
1966-10-19,-9999.99M
1966-10-20,-9999.99M
1966-10-21,-9999.99M
1966-10-22,-9999.99M
1966-10-23,-9999.99M
1966-10-24,-9999.99M
1966-10-25,-9999.99M
1966-10-26,-9999.99M
1966-10-27,-9999.99M
1966-10-28,-9999.99M
1966-10-29,-9999.99M
1966-10-30,-9999.99M
1966-10-31,-9999.99M
1966-11-01,-9999.99M
1966-11-02,-9999.99M
1966-11-03,-9999.99M
1966-11-04,-9999.99M
1966-11-05,-9999.99M
1966-11-06,-9999.99M
1966-11-07,-9999.99M
1966-11-08,-9999.99M
1966-11-09,-9999.99M
1966-11-10,-9999.99M
1966-11-11,-9999.99M
1966-11-12,-9999.99M
1966-11-13,-9999.99M
1966-11-14,-9999.99M
1966-11-15,-9999.99M
1966-11-16,-9999.99M
1966-11-17,-9999.99M
1966-11-18,-9999.99M
1966-11-19,-9999.99M
1966-11-20,-9999.99M
1966-11-21,-9999.99M
1966-11-22,-9999.99M
1966-11-23,-9999.99M
1966-11-24,-9999.99M
1966-11-25,-9999.99M
1966-11-26,-9999.99M
1966-11-27,-9999.99M
1966-11-28,-9999.99M
1966-11-29,-9999.99M
1966-11-30,-9999.99M
1966-11-31,-9999.99M
1966-12-01,4.46
1966-12-02,0.00
1966-12-03,0.00
1966-12-04,0.00
1966-12-05,0.00
1966-12-06,0.00
1966-12-07,0.00
1966-12-08,1.24
1966-12-09,4.46
1966-12-10,4.46
1966-12-11,1.55
1966-12-12,0.00
1966-12-13,0.00
1966-12-14,0.00
1966-12-15,0.00
1966-12-16,0.00
1966-12-17,0.00
1966-12-18,2.59
1966-12-19,0.00
1966-12-20,0.00
1966-12-21,0.00
1966-12-22,0.00
1966-12-23,0.00
1966-12-24,0.00
1966-12-25,0.00
1966-12-26,0.00
1966-12-27,0.00
1966-12-28,0.00
1966-12-29,0.00
1966-12-30,0.00
1966-12-31,0.00
1967-01-01,0.00
1967-01-02,0.00
1967-01-03,0.00
1967-01-04,0.00
1967-01-05,0.00
1967-01-06,0.00
1967-01-07,0.00
1967-01-08,0.00
1967-01-09,0.00
1967-01-10,0.00
1967-01-11,0.00
1967-01-12,0.00
1967-01-13,0.00
1967-01-14,0.00
1967-01-15,0.30T
1967-01-16,0.00
1967-01-17,0.00
1967-01-18,0.00
1967-01-19,0.00
1967-01-20,0.00
1967-01-21,0.00
1967-01-22,0.00
1967-01-23,0.00
1967-01-24,0.00
1967-01-25,1.76
1967-01-26,1.55
1967-01-27,0.00
1967-01-28,0.00
1967-01-29,0.00
1967-01-30,0.00
1967-01-31,0.00
1967-02-01,0.00
1967-02-02,0.00
1967-02-03,0.00
1967-02-04,0.00
1967-02-05,0.00
1967-02-06,0.00
1967-02-07,0.00
1967-02-08,0.00
1967-02-09,0.00
1967-02-10,0.00
1967-02-11,0.00
1967-02-12,0.00
1967-02-13,0.00
1967-02-14,0.00
1967-02-15,0.00
1967-02-16,0.00
1967-02-17,0.00
1967-02-18,0.00
1967-02-19,0.00
1967-02-20,0.00
1967-02-21,0.00
1967-02-22,0.00
1967-02-23,0.00
1967-02-24,0.00
1967-02-25,0.00
1967-02-26,0.00
1967-02-27,0.00
1967-02-28,0.00
1967-02-29,-9999.99M
1967-02-30,-9999.99M
1967-02-31,-9999.99M
1967-03-01,0.00
1967-03-02,0.00
1967-03-03,0.00
1967-03-04,0.00
1967-03-05,0.00
1967-03-06,0.00
1967-03-07,0.00
1967-03-08,0.00
1967-03-09,0.00
1967-03-10,0.00
1967-03-11,0.00
1967-03-12,0.00
1967-03-13,0.00
1967-03-14,0.00
1967-03-15,0.00
1967-03-16,0.00
1967-03-17,0.00
1967-03-18,0.00
1967-03-19,0.00
1967-03-20,0.00
1967-03-21,0.00
1967-03-22,0.00
1967-03-23,0.00
1967-03-24,0.00
1967-03-25,0.00
1967-03-26,0.00
1967-03-27,0.00
1967-03-28,2.07
1967-03-29,0.00
1967-03-30,0.00
1967-03-31,0.00
1967-04-01,0.00
1967-04-02,0.00
1967-04-03,0.30T
1967-04-04,0.00
1967-04-05,0.30T
1967-04-06,0.00
1967-04-07,0.00
1967-04-08,0.00
1967-04-09,0.00
1967-04-10,2.80
1967-04-11,0.00
1967-04-12,0.00
1967-04-13,0.00
1967-04-14,0.00
1967-04-15,0.00
1967-04-16,0.00
1967-04-17,0.00
1967-04-18,0.00
1967-04-19,0.00
1967-04-20,0.00
1967-04-21,0.00
1967-04-22,3.11
1967-04-23,1.24
1967-04-24,0.00
1967-04-25,0.00
1967-04-26,0.00
1967-04-27,0.00
1967-04-28,0.00
1967-04-29,0.30T
1967-04-30,0.00
1967-04-31,-9999.99M
1967-05-01,0.30T
1967-05-02,0.51
1967-05-03,7.58
1967-05-04,0.00
1967-05-05,0.30T
1967-05-06,0.00
1967-05-07,0.00
1967-05-08,0.72
1967-05-09,21.31
1967-05-10,12.89
1967-05-11,0.30T
1967-05-12,20.27
1967-05-13,0.30T
1967-05-14,0.00
1967-05-15,4.46
1967-05-16,7.58
1967-05-17,4.15
1967-05-18,0.72
1967-05-19,5.50
1967-05-20,25.57
1967-05-21,0.51
1967-05-22,0.00
1967-05-23,0.00
1967-05-24,0.00
1967-05-25,0.00
1967-05-26,9.14
1967-05-27,4.98
1967-05-28,8.41
1967-05-29,0.30T
1967-05-30,1.55
1967-05-31,0.30T
1967-06-01,0.30T
1967-06-02,0.00
1967-06-03,0.00
1967-06-04,0.00
1967-06-05,0.00
1967-06-06,2.28
1967-06-07,6.02
1967-06-08,0.00
1967-06-09,1.03
1967-06-10,1.03
1967-06-11,0.00
1967-06-12,0.00
1967-06-13,0.00
1967-06-14,0.00
1967-06-15,1.03
1967-06-16,0.30T
1967-06-17,0.51
1967-06-18,0.00
1967-06-19,0.00
1967-06-20,0.00
1967-06-21,3.32
1967-06-22,5.50
1967-06-23,0.30T
1967-06-24,0.30T
1967-06-25,32.65
1967-06-26,12.05
1967-06-27,0.00
1967-06-28,0.00
1967-06-29,0.00
1967-06-30,0.00
1967-06-31,-9999.99M
1967-07-01,0.00
1967-07-02,0.00
1967-07-03,6.85
1967-07-04,0.00
1967-07-05,2.28
1967-07-06,0.00
1967-07-07,0.30T
1967-07-08,0.00
1967-07-09,0.72
1967-07-10,0.00
1967-07-11,0.00
1967-07-12,8.10
1967-07-13,8.62
1967-07-14,0.00
1967-07-15,0.00
1967-07-16,2.07
1967-07-17,0.30T
1967-07-18,0.00
1967-07-19,0.00
1967-07-20,0.00
1967-07-21,12.05
1967-07-22,0.00
1967-07-23,0.00
1967-07-24,1.03
1967-07-25,3.11
1967-07-26,0.00
1967-07-27,0.30T
1967-07-28,3.94
1967-07-29,1.76
1967-07-30,2.80
1967-07-31,6.02
1967-08-01,0.00
1967-08-02,0.00
1967-08-03,7.06
1967-08-04,3.32
1967-08-05,0.00
1967-08-06,0.00
1967-08-07,0.00
1967-08-08,0.00
1967-08-09,14.45
1967-08-10,7.58
1967-08-11,11.33
1967-08-12,0.00
1967-08-13,0.00
1967-08-14,2.80
1967-08-15,0.00
1967-08-16,0.00
1967-08-17,0.00
1967-08-18,13.09
1967-08-19,0.00
1967-08-20,41.38
1967-08-21,7.58
1967-08-22,1.55
1967-08-23,0.30T
1967-08-24,0.00
1967-08-25,0.00
1967-08-26,0.00
1967-08-27,0.00
1967-08-28,7.06
1967-08-29,6.02
1967-08-30,3.94
1967-08-31,8.62
1967-09-01,0.00
1967-09-02,0.30T
1967-09-03,54.07
1967-09-04,15.49
1967-09-05,0.30T
1967-09-06,0.00
1967-09-07,0.00
1967-09-08,0.00
1967-09-09,1.24
1967-09-10,1.76
1967-09-11,0.00
1967-09-12,0.00
1967-09-13,0.00
1967-09-14,0.00
1967-09-15,0.00
1967-09-16,0.00
1967-09-17,0.00
1967-09-18,0.72
1967-09-19,0.00
1967-09-20,0.00
1967-09-21,0.00
1967-09-22,0.51
1967-09-23,4.67
1967-09-24,46.69
1967-09-25,1.03
1967-09-26,0.30T
1967-09-27,0.00
1967-09-28,0.00
1967-09-29,13.93
1967-09-30,11.01
1967-09-31,-9999.99M
1967-10-01,0.00
1967-10-02,0.30T
1967-10-03,5.71
1967-10-04,0.00
1967-10-05,0.30T
1967-10-06,0.00
1967-10-07,0.00
1967-10-08,0.00
1967-10-09,34.31
1967-10-10,8.41
1967-10-11,0.72
1967-10-12,0.00
1967-10-13,0.30T
1967-10-14,0.00
1967-10-15,0.00
1967-10-16,15.49
1967-10-17,3.11
1967-10-18,7.89
1967-10-19,2.59
1967-10-20,0.51
1967-10-21,1.24
1967-10-22,0.30T
1967-10-23,0.00
1967-10-24,0.00
1967-10-25,0.00
1967-10-26,14.45
1967-10-27,0.00
1967-10-28,0.51
1967-10-29,0.00
1967-10-30,0.00
1967-10-31,0.00
1967-11-01,0.30T
1967-11-02,1.24
1967-11-03,0.30T
1967-11-04,0.30T
1967-11-05,1.03
1967-11-06,0.00
1967-11-07,0.00
1967-11-08,0.00
1967-11-09,0.00
1967-11-10,0.00
1967-11-11,0.30T
1967-11-12,2.59
1967-11-13,3.63
1967-11-14,0.00
1967-11-15,0.00
1967-11-16,0.00
1967-11-17,0.00
1967-11-18,0.51
1967-11-19,1.24
1967-11-20,0.00
1967-11-21,0.00
1967-11-22,0.00
1967-11-23,8.41
1967-11-24,8.62
1967-11-25,0.00
1967-11-26,1.24
1967-11-27,0.00
1967-11-28,0.00
1967-11-29,0.00
1967-11-30,0.00
1967-11-31,-9999.99M
1967-12-01,0.00
1967-12-02,0.00
1967-12-03,0.00
1967-12-04,0.00
1967-12-05,0.00
1967-12-06,0.00
1967-12-07,0.00
1967-12-08,0.00
1967-12-09,0.00
1967-12-10,0.00
1967-12-11,0.00
1967-12-12,14.45
1967-12-13,0.30T
1967-12-14,0.00
1967-12-15,0.00
1967-12-16,0.00
1967-12-17,0.00
1967-12-18,0.00
1967-12-19,0.00
1967-12-20,0.00
1967-12-21,0.00
1967-12-22,1.55
1967-12-23,0.00
1967-12-24,0.00
1967-12-25,0.00
1967-12-26,0.51
1967-12-27,0.00
1967-12-28,0.00
1967-12-29,0.00
1967-12-30,0.00
1967-12-31,0.00
1968-01-01,0.00
1968-01-02,0.00
1968-01-03,0.00
1968-01-04,0.00
1968-01-05,0.00
1968-01-06,0.00
1968-01-07,0.00
1968-01-08,0.00
1968-01-09,0.00
1968-01-10,0.00
1968-01-11,0.00
1968-01-12,0.00
1968-01-13,0.00
1968-01-14,0.00
1968-01-15,0.51
1968-01-16,0.00
1968-01-17,0.00
1968-01-18,0.00
1968-01-19,0.30T
1968-01-20,0.00
1968-01-21,0.00
1968-01-22,0.00
1968-01-23,0.00
1968-01-24,0.00
1968-01-25,0.00
1968-01-26,0.30T
1968-01-27,0.00
1968-01-28,0.00
1968-01-29,0.00
1968-01-30,0.00
1968-01-31,0.00
1968-02-01,0.00
1968-02-02,1.24
1968-02-03,12.05
1968-02-04,0.30T
1968-02-05,0.00
1968-02-06,0.00
1968-02-07,0.00
1968-02-08,0.00
1968-02-09,0.00
1968-02-10,0.00
1968-02-11,0.00
1968-02-12,0.00
1968-02-13,0.00
1968-02-14,0.00
1968-02-15,0.00
1968-02-16,0.00
1968-02-17,0.00
1968-02-18,0.00
1968-02-19,0.00
1968-02-20,0.00
1968-02-21,0.00
1968-02-22,0.00
1968-02-23,0.00
1968-02-24,0.00
1968-02-25,0.00
1968-02-26,0.00
1968-02-27,0.00
1968-02-28,0.00
1968-02-29,0.00
1968-02-30,-9999.99M
1968-02-31,-9999.99M
1968-03-01,0.30T
1968-03-02,0.00
1968-03-03,0.00
1968-03-04,0.00
1968-03-05,0.00
1968-03-06,0.00
1968-03-07,0.00
1968-03-08,0.00
1968-03-09,0.00
1968-03-10,0.00
1968-03-11,0.30T
1968-03-12,0.00
1968-03-13,0.00
1968-03-14,0.00
1968-03-15,0.00
1968-03-16,0.00
1968-03-17,2.59
1968-03-18,0.00
1968-03-19,0.00
1968-03-20,1.76
1968-03-21,0.00
1968-03-22,0.00
1968-03-23,13.09
1968-03-24,0.72
1968-03-25,0.00
1968-03-26,0.00
1968-03-27,0.51
1968-03-28,0.00
1968-03-29,5.19
1968-03-30,0.72
1968-03-31,0.00
1968-04-01,4.98
1968-04-02,0.00
1968-04-03,0.00
1968-04-04,1.76
1968-04-05,1.55
1968-04-06,0.00
1968-04-07,0.00
1968-04-08,0.51
1968-04-09,1.03
1968-04-10,0.00
1968-04-11,0.00
1968-04-12,0.00
1968-04-13,0.00
1968-04-14,0.30T
1968-04-15,3.11
1968-04-16,1.03
1968-04-17,0.30T
1968-04-18,7.06
1968-04-19,12.05
1968-04-20,1.24
1968-04-21,0.30T
1968-04-22,0.00
1968-04-23,0.00
1968-04-24,0.30T
1968-04-25,1.24
1968-04-26,0.30T
1968-04-27,0.30T
1968-04-28,0.51
1968-04-29,0.00
1968-04-30,0.00
1968-04-31,-9999.99M
1968-05-01,0.00
1968-05-02,0.30T
1968-05-03,0.00
1968-05-04,1.76
1968-05-05,0.00
1968-05-06,0.30T
1968-05-07,0.00
1968-05-08,0.00
1968-05-09,0.30T
1968-05-10,3.32
1968-05-11,0.00
1968-05-12,0.00
1968-05-13,0.00
1968-05-14,0.00
1968-05-15,0.30T
1968-05-16,0.51
1968-05-17,0.00
1968-05-18,0.00
1968-05-19,0.30T
1968-05-20,0.00
1968-05-21,0.30T
1968-05-22,0.30T
1968-05-23,0.00
1968-05-24,0.30T
1968-05-25,0.00
1968-05-26,6.02
1968-05-27,0.00
1968-05-28,0.00
1968-05-29,0.00
1968-05-30,8.93
1968-05-31,1.24
1968-06-01,0.51
1968-06-02,11.85
1968-06-03,3.11
1968-06-04,0.30T
1968-06-05,0.30T
1968-06-06,0.00
1968-06-07,0.00
1968-06-08,0.00
1968-06-09,0.00
1968-06-10,0.00
1968-06-11,1.03
1968-06-12,2.07
1968-06-13,0.00
1968-06-14,0.00
1968-06-15,2.59
1968-06-16,0.00
1968-06-17,0.00
1968-06-18,5.71
1968-06-19,2.59
1968-06-20,27.45
1968-06-21,0.72
1968-06-22,0.00
1968-06-23,0.00
1968-06-24,3.11
1968-06-25,6.54
1968-06-26,0.00
1968-06-27,0.00
1968-06-28,18.71
1968-06-29,13.72
1968-06-30,3.32
1968-06-31,-9999.99M
1968-07-01,0.00
1968-07-02,1.03
1968-07-03,0.00
1968-07-04,0.00
1968-07-05,4.46
1968-07-06,15.49
1968-07-07,0.00
1968-07-08,1.55
1968-07-09,0.00
1968-07-10,0.30T
1968-07-11,0.00
1968-07-12,0.51
1968-07-13,0.00
1968-07-14,0.00
1968-07-15,1.03
1968-07-16,0.00
1968-07-17,0.00
1968-07-18,10.29
1968-07-19,11.53
1968-07-20,0.00
1968-07-21,0.51
1968-07-22,2.28
1968-07-23,4.15
1968-07-24,9.97
1968-07-25,5.71
1968-07-26,0.00
1968-07-27,0.00
1968-07-28,3.94
1968-07-29,2.07
1968-07-30,0.00
1968-07-31,0.00
1968-08-01,3.63
1968-08-02,0.00
1968-08-03,0.00
1968-08-04,0.30T
1968-08-05,0.00
1968-08-06,0.51
1968-08-07,0.00
1968-08-08,0.30T
1968-08-09,0.00
1968-08-10,8.41
1968-08-11,1.24
1968-08-12,1.24
1968-08-13,2.59
1968-08-14,17.36
1968-08-15,0.00
1968-08-16,0.00
1968-08-17,2.59
1968-08-18,0.00
1968-08-19,0.00
1968-08-20,18.19
1968-08-21,0.00
1968-08-22,0.00
1968-08-23,0.00
1968-08-24,6.85
1968-08-25,22.14
1968-08-26,2.07
1968-08-27,0.00
1968-08-28,0.30T
1968-08-29,0.00
1968-08-30,0.72
1968-08-31,0.00
1968-09-01,0.00
1968-09-02,0.00
1968-09-03,1.55
1968-09-04,1.03
1968-09-05,0.00
1968-09-06,0.51
1968-09-07,4.15
1968-09-08,0.00
1968-09-09,0.00
1968-09-10,0.00
1968-09-11,1.24
1968-09-12,2.28
1968-09-13,0.00
1968-09-14,0.00
1968-09-15,0.00
1968-09-16,0.00
1968-09-17,0.00
1968-09-18,0.00
1968-09-19,0.00
1968-09-20,0.00
1968-09-21,0.00
1968-09-22,4.67
1968-09-23,0.51
1968-09-24,0.30T
1968-09-25,4.46
1968-09-26,0.00
1968-09-27,0.72
1968-09-28,5.19
1968-09-29,0.00
1968-09-30,0.72
1968-09-31,-9999.99M
1968-10-01,0.30T
1968-10-02,0.00
1968-10-03,5.71
1968-10-04,8.41
1968-10-05,0.00
1968-10-06,0.00
1968-10-07,0.00
1968-10-08,0.51
1968-10-09,0.51
1968-10-10,0.00
1968-10-11,0.30T
1968-10-12,0.51
1968-10-13,0.00
1968-10-14,0.00
1968-10-15,0.00
1968-10-16,3.63
1968-10-17,1.76
1968-10-18,1.03
1968-10-19,0.00
1968-10-20,18.92
1968-10-21,40.86
1968-10-22,0.00
1968-10-23,0.51
1968-10-24,0.00
1968-10-25,26.30
1968-10-26,13.72
1968-10-27,0.51
1968-10-28,1.76
1968-10-29,0.00
1968-10-30,0.30T
1968-10-31,0.00
1968-11-01,0.00
1968-11-02,0.00
1968-11-03,5.71
1968-11-04,0.00
1968-11-05,0.00
1968-11-06,0.00
1968-11-07,0.00
1968-11-08,0.00
1968-11-09,0.00
1968-11-10,0.30T
1968-11-11,0.00
1968-11-12,0.30T
1968-11-13,7.37
1968-11-14,0.00
1968-11-15,0.00
1968-11-16,0.00
1968-11-17,0.00
1968-11-18,0.00
1968-11-19,21.31
1968-11-20,0.00
1968-11-21,0.00
1968-11-22,0.00
1968-11-23,0.00
1968-11-24,3.32
1968-11-25,0.30T
1968-11-26,0.00
1968-11-27,0.00
1968-11-28,0.00
1968-11-29,0.00
1968-11-30,0.00
1968-11-31,-9999.99M
1968-12-01,0.00
1968-12-02,0.00
1968-12-03,0.00
1968-12-04,0.00
1968-12-05,3.94
1968-12-06,0.00
1968-12-07,0.00
1968-12-08,0.00
1968-12-09,0.00
1968-12-10,0.00
1968-12-11,0.00
1968-12-12,0.00
1968-12-13,1.76
1968-12-14,6.85
1968-12-15,4.98
1968-12-16,2.07
1968-12-17,0.00
1968-12-18,0.00
1968-12-19,0.00
1968-12-20,1.55
1968-12-21,0.00
1968-12-22,0.00
1968-12-23,0.00
1968-12-24,0.00
1968-12-25,0.00
1968-12-26,0.00
1968-12-27,0.00
1968-12-28,0.00
1968-12-29,0.00
1968-12-30,0.00
1968-12-31,0.00
1969-01-01,0.30T
1969-01-02,0.00
1969-01-03,0.00
1969-01-04,0.00
1969-01-05,0.00
1969-01-06,0.00
1969-01-07,0.00
1969-01-08,0.00
1969-01-09,0.00
1969-01-10,0.00
1969-01-11,0.00
1969-01-12,0.00
1969-01-13,0.00
1969-01-14,0.00
1969-01-15,0.00
1969-01-16,0.00
1969-01-17,0.00
1969-01-18,0.00
1969-01-19,0.00
1969-01-20,0.00
1969-01-21,0.00
1969-01-22,0.00
1969-01-23,0.00
1969-01-24,0.00
1969-01-25,22.14
1969-01-26,0.00
1969-01-27,0.00
1969-01-28,0.00
1969-01-29,0.00
1969-01-30,0.30T
1969-01-31,0.30T
1969-02-01,0.00
1969-02-02,0.00
1969-02-03,0.30T
1969-02-04,0.30T
1969-02-05,0.00
1969-02-06,0.00
1969-02-07,0.00
1969-02-08,0.00
1969-02-09,0.00
1969-02-10,0.00
1969-02-11,0.00
1969-02-12,0.00
1969-02-13,0.00
1969-02-14,0.00
1969-02-15,0.00
1969-02-16,0.00
1969-02-17,0.00
1969-02-18,0.00
1969-02-19,0.00
1969-02-20,0.30T
1969-02-21,0.00
1969-02-22,0.00
1969-02-23,0.00
1969-02-24,0.00
1969-02-25,0.00
1969-02-26,0.00
1969-02-27,0.00
1969-02-28,0.00
1969-02-29,-9999.99M
1969-02-30,-9999.99M
1969-02-31,-9999.99M
1969-03-01,0.00
1969-03-02,0.00
1969-03-03,0.00
1969-03-04,0.00
1969-03-05,0.00
1969-03-06,0.00
1969-03-07,0.00
1969-03-08,0.00
1969-03-09,0.00
1969-03-10,0.00
1969-03-11,1.03
1969-03-12,0.72
1969-03-13,0.00
1969-03-14,0.00
1969-03-15,0.00
1969-03-16,0.00
1969-03-17,0.00
1969-03-18,0.00
1969-03-19,0.00
1969-03-20,0.00
1969-03-21,0.00
1969-03-22,0.30T
1969-03-23,0.00
1969-03-24,0.00
1969-03-25,0.00
1969-03-26,1.03
1969-03-27,0.30T
1969-03-28,0.00
1969-03-29,0.30T
1969-03-30,0.00
1969-03-31,0.00
1969-04-01,0.00
1969-04-02,0.00
1969-04-03,0.00
1969-04-04,0.00
1969-04-05,0.00
1969-04-06,0.00
1969-04-07,0.00
1969-04-08,0.00
1969-04-09,0.00
1969-04-10,7.89
1969-04-11,0.30T
1969-04-12,0.00
1969-04-13,1.03
1969-04-14,0.00
1969-04-15,0.00
1969-04-16,0.00
1969-04-17,3.63
1969-04-18,1.03
1969-04-19,0.00
1969-04-20,0.00
1969-04-21,0.00
1969-04-22,0.00
1969-04-23,0.00
1969-04-24,0.72
1969-04-25,0.30T
1969-04-26,0.00
1969-04-27,1.55
1969-04-28,2.07
1969-04-29,0.30T
1969-04-30,0.00
1969-04-31,-9999.99M
1969-05-01,0.00
1969-05-02,0.00
1969-05-03,1.24
1969-05-04,0.00
1969-05-05,0.00
1969-05-06,0.51
1969-05-07,0.00
1969-05-08,9.45
1969-05-09,22.35
1969-05-10,0.72
1969-05-11,2.07
1969-05-12,1.55
1969-05-13,0.72
1969-05-14,0.30T
1969-05-15,0.00
1969-05-16,0.30T
1969-05-17,0.30T
1969-05-18,1.03
1969-05-19,31.09
1969-05-20,13.09
1969-05-21,0.30T
1969-05-22,0.00
1969-05-23,0.30T
1969-05-24,1.55
1969-05-25,4.46
1969-05-26,0.00
1969-05-27,0.00
1969-05-28,0.30T
1969-05-29,0.00
1969-05-30,1.24
1969-05-31,3.94
1969-06-01,0.00
1969-06-02,0.51
1969-06-03,2.07
1969-06-04,0.00
1969-06-05,0.00
1969-06-06,0.72
1969-06-07,17.36
1969-06-08,0.00
1969-06-09,2.07
1969-06-10,0.51
1969-06-11,0.00
1969-06-12,0.00
1969-06-13,16.01
1969-06-14,0.00
1969-06-15,11.33
1969-06-16,12.05
1969-06-17,0.00
1969-06-18,0.51
1969-06-19,0.51
1969-06-20,1.03
1969-06-21,0.00
1969-06-22,0.00
1969-06-23,0.30T
1969-06-24,5.71
1969-06-25,2.07
1969-06-26,0.00
1969-06-27,0.00
1969-06-28,0.30T
1969-06-29,0.00
1969-06-30,2.07
1969-06-31,-9999.99M
1969-07-01,12.57
1969-07-02,0.00
1969-07-03,0.00
1969-07-04,0.00
1969-07-05,9.66
1969-07-06,0.00
1969-07-07,0.30T
1969-07-08,0.00
1969-07-09,0.00
1969-07-10,0.00
1969-07-11,7.06
1969-07-12,31.09
1969-07-13,4.15
1969-07-14,2.07
1969-07-15,0.00
1969-07-16,1.76
1969-07-17,4.15
1969-07-18,0.51
1969-07-19,0.00
1969-07-20,0.00
1969-07-21,13.93
1969-07-22,0.00
1969-07-23,0.00
1969-07-24,0.00
1969-07-25,0.00
1969-07-26,0.30T
1969-07-27,2.28
1969-07-28,10.81
1969-07-29,1.24
1969-07-30,8.93
1969-07-31,0.00
1969-08-01,0.00
1969-08-02,0.30T
1969-08-03,6.54
1969-08-04,0.00
1969-08-05,0.72
1969-08-06,0.30T
1969-08-07,0.00
1969-08-08,10.81
1969-08-09,11.85
1969-08-10,5.19
1969-08-11,6.02
1969-08-12,0.00
1969-08-13,2.59
1969-08-14,0.00
1969-08-15,2.59
1969-08-16,1.03
1969-08-17,22.14
1969-08-18,0.00
1969-08-19,15.28
1969-08-20,0.51
1969-08-21,0.51
1969-08-22,0.00
1969-08-23,0.00
1969-08-24,0.00
1969-08-25,0.00
1969-08-26,0.00
1969-08-27,0.00
1969-08-28,0.00
1969-08-29,6.02
1969-08-30,0.00
1969-08-31,7.37
1969-09-01,0.30T
1969-09-02,0.00
1969-09-03,0.00
1969-09-04,0.00
1969-09-05,0.00
1969-09-06,26.93
1969-09-07,0.00
1969-09-08,3.63
1969-09-09,75.49
1969-09-10,2.80
1969-09-11,0.30T
1969-09-12,3.94
1969-09-13,0.00
1969-09-14,0.00
1969-09-15,0.30T
1969-09-16,9.97
1969-09-17,0.72
1969-09-18,0.30T
1969-09-19,0.00
1969-09-20,0.00
1969-09-21,0.00
1969-09-22,0.00
1969-09-23,0.00
1969-09-24,0.51
1969-09-25,1.24
1969-09-26,6.02
1969-09-27,36.39
1969-09-28,1.03
1969-09-29,0.51
1969-09-30,1.24
1969-09-31,-9999.99M
1969-10-01,1.03
1969-10-02,4.98
1969-10-03,10.29
1969-10-04,0.00
1969-10-05,0.00
1969-10-06,0.30T
1969-10-07,0.00
1969-10-08,0.30T
1969-10-09,2.07
1969-10-10,0.00
1969-10-11,0.00
1969-10-12,0.00
1969-10-13,7.89
1969-10-14,22.87
1969-10-15,0.00
1969-10-16,0.30T
1969-10-17,4.98
1969-10-18,0.30T
1969-10-19,0.51
1969-10-20,0.00
1969-10-21,0.00
1969-10-22,0.00
1969-10-23,0.00
1969-10-24,0.00
1969-10-25,0.00
1969-10-26,0.00
1969-10-27,3.11
1969-10-28,0.00
1969-10-29,0.00
1969-10-30,0.00
1969-10-31,0.00
1969-11-01,0.00
1969-11-02,0.51
1969-11-03,1.24
1969-11-04,1.55
1969-11-05,33.27
1969-11-06,0.72
1969-11-07,4.15
1969-11-08,10.29
1969-11-09,0.30T
1969-11-10,4.67
1969-11-11,4.67
1969-11-12,11.33
1969-11-13,12.57
1969-11-14,1.55
1969-11-15,6.85
1969-11-16,0.00
1969-11-17,0.00
1969-11-18,0.00
1969-11-19,0.00
1969-11-20,9.97
1969-11-21,0.51
1969-11-22,0.00
1969-11-23,0.00
1969-11-24,0.00
1969-11-25,0.00
1969-11-26,0.00
1969-11-27,0.00
1969-11-28,0.00
1969-11-29,0.00
1969-11-30,0.00
1969-11-31,-9999.99M
1969-12-01,0.00
1969-12-02,0.00
1969-12-03,0.00
1969-12-04,0.00
1969-12-05,0.00
1969-12-06,0.00
1969-12-07,0.00
1969-12-08,0.30T
1969-12-09,14.24
1969-12-10,0.30T
1969-12-11,22.87
1969-12-12,0.30T
1969-12-13,0.00
1969-12-14,0.00
1969-12-15,0.00
1969-12-16,0.00
1969-12-17,0.00
1969-12-18,0.00
1969-12-19,0.00
1969-12-20,0.00
1969-12-21,0.00
1969-12-22,0.51
1969-12-23,0.51
1969-12-24,0.00
1969-12-25,0.00
1969-12-26,0.00
1969-12-27,34.00
1969-12-28,2.59
1969-12-29,0.00
1969-12-30,0.00
1969-12-31,0.00
1970-01-01,0.00
1970-01-02,0.00
1970-01-03,0.00
1970-01-04,0.00
1970-01-05,0.00
1970-01-06,0.00
1970-01-07,0.00
1970-01-08,0.00
1970-01-09,0.00
1970-01-10,0.00
1970-01-11,0.00
1970-01-12,0.00
1970-01-13,0.00
1970-01-14,0.00
1970-01-15,0.00
1970-01-16,0.00
1970-01-17,0.00
1970-01-18,0.00
1970-01-19,0.00
1970-01-20,0.00
1970-01-21,0.00
1970-01-22,0.00
1970-01-23,0.00
1970-01-24,0.00
1970-01-25,0.00
1970-01-26,0.00
1970-01-27,0.00
1970-01-28,0.00
1970-01-29,1.03
1970-01-30,0.00
1970-01-31,0.00
1970-02-01,0.00
1970-02-02,4.15
1970-02-03,9.97
1970-02-04,12.37
1970-02-05,0.00
1970-02-06,0.00
1970-02-07,0.00
1970-02-08,0.00
1970-02-09,0.00
1970-02-10,0.00
1970-02-11,7.89
1970-02-12,0.51
1970-02-13,0.00
1970-02-14,0.00
1970-02-15,0.00
1970-02-16,0.00
1970-02-17,0.00
1970-02-18,0.00
1970-02-19,0.00
1970-02-20,0.00
1970-02-21,0.00
1970-02-22,0.00
1970-02-23,0.00
1970-02-24,0.00
1970-02-25,0.00
1970-02-26,0.00
1970-02-27,0.00
1970-02-28,0.00
1970-02-29,-9999.99M
1970-02-30,-9999.99M
1970-02-31,-9999.99M
1970-03-01,0.00
1970-03-02,0.00
1970-03-03,0.00
1970-03-04,0.00
1970-03-05,0.00
1970-03-06,0.00
1970-03-07,0.00
1970-03-08,0.00
1970-03-09,0.00
1970-03-10,0.00
1970-03-11,0.00
1970-03-12,0.00
1970-03-13,0.00
1970-03-14,0.00
1970-03-15,0.00
1970-03-16,0.00
1970-03-17,0.00
1970-03-18,0.00
1970-03-19,0.00
1970-03-20,0.00
1970-03-21,0.00
1970-03-22,0.00
1970-03-23,0.00
1970-03-24,0.51
1970-03-25,0.00
1970-03-26,0.00
1970-03-27,11.53
1970-03-28,0.00
1970-03-29,0.00
1970-03-30,0.00
1970-03-31,0.00
1970-04-01,0.00
1970-04-02,0.00
1970-04-03,1.03
1970-04-04,0.00
1970-04-05,0.00
1970-04-06,0.00
1970-04-07,0.00
1970-04-08,0.00
1970-04-09,0.00
1970-04-10,0.00
1970-04-11,2.59
1970-04-12,5.19
1970-04-13,0.00
1970-04-14,0.00
1970-04-15,0.00
1970-04-16,0.00
1970-04-17,0.51
1970-04-18,1.76
1970-04-19,2.80
1970-04-20,0.00
1970-04-21,0.30T
1970-04-22,0.00
1970-04-23,0.51
1970-04-24,25.57
1970-04-25,3.32
1970-04-26,0.00
1970-04-27,5.19
1970-04-28,0.00
1970-04-29,0.00
1970-04-30,0.00
1970-04-31,-9999.99M
1970-05-01,2.80
1970-05-02,3.32
1970-05-03,2.28
1970-05-04,0.00
1970-05-05,0.30T
1970-05-06,42.21
1970-05-07,21.10
1970-05-08,5.71
1970-05-09,0.00
1970-05-10,3.63
1970-05-11,5.50
1970-05-12,0.30T
1970-05-13,7.37
1970-05-14,0.00
1970-05-15,0.00
1970-05-16,0.00
1970-05-17,4.15
1970-05-18,4.46
1970-05-19,0.30T
1970-05-20,0.30T
1970-05-21,0.30T
1970-05-22,1.24
1970-05-23,0.30T
1970-05-24,0.00
1970-05-25,0.30T
1970-05-26,18.40
1970-05-27,0.00
1970-05-28,0.00
1970-05-29,0.00
1970-05-30,0.30T
1970-05-31,0.30T
1970-06-01,4.98
1970-06-02,7.37
1970-06-03,1.24
1970-06-04,0.00
1970-06-05,10.29
1970-06-06,21.62
1970-06-07,1.76
1970-06-08,0.30T
1970-06-09,0.00
1970-06-10,0.00
1970-06-11,7.37
1970-06-12,0.00
1970-06-13,0.51
1970-06-14,0.00
1970-06-15,0.00
1970-06-16,0.00
1970-06-17,0.00
1970-06-18,0.51
1970-06-19,0.72
1970-06-20,0.72
1970-06-21,0.00
1970-06-22,0.00
1970-06-23,0.72
1970-06-24,0.00
1970-06-25,0.72
1970-06-26,0.00
1970-06-27,28.17
1970-06-28,3.11
1970-06-29,0.30T
1970-06-30,0.72
1970-06-31,-9999.99M
1970-07-01,0.00
1970-07-02,0.00
1970-07-03,0.30T
1970-07-04,0.30T
1970-07-05,15.80
1970-07-06,0.00
1970-07-07,0.00
1970-07-08,5.71
1970-07-09,0.51
1970-07-10,1.03
1970-07-11,1.24
1970-07-12,0.30T
1970-07-13,0.00
1970-07-14,0.00
1970-07-15,1.24
1970-07-16,1.76
1970-07-17,0.72
1970-07-18,16.32
1970-07-19,0.00
1970-07-20,0.00
1970-07-21,3.63
1970-07-22,0.30T
1970-07-23,0.00
1970-07-24,0.00
1970-07-25,0.00
1970-07-26,5.71
1970-07-27,0.00
1970-07-28,5.50
1970-07-29,0.00
1970-07-30,0.00
1970-07-31,0.00
1970-08-01,3.11
1970-08-02,2.80
1970-08-03,8.62
1970-08-04,0.30T
1970-08-05,0.00
1970-08-06,0.00
1970-08-07,0.00
1970-08-08,0.00
1970-08-09,0.00
1970-08-10,0.00
1970-08-11,0.30T
1970-08-12,71.75
1970-08-13,4.15
1970-08-14,0.00
1970-08-15,0.00
1970-08-16,0.00
1970-08-17,0.51
1970-08-18,0.00
1970-08-19,0.00
1970-08-20,1.24
1970-08-21,1.55
1970-08-22,0.00
1970-08-23,10.29
1970-08-24,15.80
1970-08-25,0.00
1970-08-26,5.71
1970-08-27,1.76
1970-08-28,4.98
1970-08-29,17.67
1970-08-30,0.72
1970-08-31,13.41
1970-09-01,0.72
1970-09-02,0.00
1970-09-03,0.00
1970-09-04,47.73
1970-09-05,8.10
1970-09-06,4.15
1970-09-07,0.51
1970-09-08,0.72
1970-09-09,0.30T
1970-09-10,0.00
1970-09-11,2.80
1970-09-12,0.00
1970-09-13,6.54
1970-09-14,0.00
1970-09-15,0.00
1970-09-16,8.93
1970-09-17,0.00
1970-09-18,0.30T
1970-09-19,0.30T
1970-09-20,5.50
1970-09-21,5.19
1970-09-22,10.49
1970-09-23,0.30T
1970-09-24,4.15
1970-09-25,5.50
1970-09-26,0.30T
1970-09-27,2.28
1970-09-28,0.00
1970-09-29,0.00
1970-09-30,14.24
1970-09-31,-9999.99M
1970-10-01,0.51
1970-10-02,0.00
1970-10-03,12.05
1970-10-04,1.76
1970-10-05,0.00
1970-10-06,0.00
1970-10-07,0.00
1970-10-08,0.00
1970-10-09,0.00
1970-10-10,0.51
1970-10-11,0.30T
1970-10-12,6.54
1970-10-13,1.76
1970-10-14,9.97
1970-10-15,6.85
1970-10-16,21.62
1970-10-17,5.71
1970-10-18,0.00
1970-10-19,0.00
1970-10-20,0.00
1970-10-21,0.00
1970-10-22,0.00
1970-10-23,15.28
1970-10-24,14.24
1970-10-25,1.55
1970-10-26,0.00
1970-10-27,0.00
1970-10-28,0.00
1970-10-29,0.00
1970-10-30,0.00
1970-10-31,0.00
1970-11-01,0.00
1970-11-02,0.00
1970-11-03,0.00
1970-11-04,0.00
1970-11-05,1.03
1970-11-06,0.00
1970-11-07,0.72
1970-11-08,0.00
1970-11-09,0.00
1970-11-10,0.00
1970-11-11,0.51
1970-11-12,0.51
1970-11-13,0.30T
1970-11-14,0.30T
1970-11-15,2.59
1970-11-16,2.07
1970-11-17,0.00
1970-11-18,0.00
1970-11-19,0.00
1970-11-20,0.00
1970-11-21,5.19
1970-11-22,0.00
1970-11-23,4.67
1970-11-24,0.00
1970-11-25,0.00
1970-11-26,0.00
1970-11-27,0.00
1970-11-28,0.00
1970-11-29,0.00
1970-11-30,0.00
1970-11-31,-9999.99M
1970-12-01,0.00
1970-12-02,0.51
1970-12-03,0.00
1970-12-04,0.00
1970-12-05,0.00
1970-12-06,0.00
1970-12-07,0.00
1970-12-08,0.00
1970-12-09,0.00
1970-12-10,0.00
1970-12-11,0.00
1970-12-12,0.00
1970-12-13,0.00
1970-12-14,0.00
1970-12-15,0.00
1970-12-16,0.00
1970-12-17,0.00
1970-12-18,0.72
1970-12-19,0.00
1970-12-20,0.00
1970-12-21,0.00
1970-12-22,0.00
1970-12-23,0.00
1970-12-24,0.00
1970-12-25,0.00
1970-12-26,0.51
1970-12-27,0.00
1970-12-28,0.00
1970-12-29,0.00
1970-12-30,0.00
1970-12-31,0.00
1971-01-01,0.00
1971-01-02,0.00
1971-01-03,0.00
1971-01-04,0.00
1971-01-05,1.24
1971-01-06,0.00
1971-01-07,0.00
1971-01-08,0.00
1971-01-09,0.00
1971-01-10,0.00
1971-01-11,0.00
1971-01-12,0.00
1971-01-13,0.00
1971-01-14,0.00
1971-01-15,0.00
1971-01-16,0.00
1971-01-17,0.00
1971-01-18,0.00
1971-01-19,0.00
1971-01-20,0.00
1971-01-21,0.00
1971-01-22,0.00
1971-01-23,0.00
1971-01-24,0.00
1971-01-25,0.00
1971-01-26,0.30T
1971-01-27,0.00
1971-01-28,0.00
1971-01-29,0.00
1971-01-30,0.00
1971-01-31,0.00
1971-02-01,0.00
1971-02-02,0.00
1971-02-03,0.00
1971-02-04,0.00
1971-02-05,0.00
1971-02-06,0.00
1971-02-07,0.00
1971-02-08,1.03
1971-02-09,5.71
1971-02-10,0.00
1971-02-11,0.00
1971-02-12,0.00
1971-02-13,0.30T
1971-02-14,1.55
1971-02-15,0.00
1971-02-16,0.00
1971-02-17,0.00
1971-02-18,0.00
1971-02-19,0.00
1971-02-20,0.00
1971-02-21,0.00
1971-02-22,0.00
1971-02-23,0.00
1971-02-24,0.00
1971-02-25,0.00
1971-02-26,0.00
1971-02-27,1.24
1971-02-28,0.30T
1971-02-29,-9999.99M
1971-02-30,-9999.99M
1971-02-31,-9999.99M
1971-03-01,0.00
1971-03-02,0.00
1971-03-03,0.00
1971-03-04,0.00
1971-03-05,0.00
1971-03-06,0.00
1971-03-07,0.00
1971-03-08,0.00
1971-03-09,0.00
1971-03-10,0.00
1971-03-11,0.00
1971-03-12,0.00
1971-03-13,0.00
1971-03-14,0.00
1971-03-15,2.28
1971-03-16,0.30T
1971-03-17,0.00
1971-03-18,0.00
1971-03-19,0.00
1971-03-20,0.00
1971-03-21,0.00
1971-03-22,0.00
1971-03-23,0.00
1971-03-24,0.00
1971-03-25,0.00
1971-03-26,0.00
1971-03-27,0.00
1971-03-28,0.00
1971-03-29,0.00
1971-03-30,0.00
1971-03-31,0.00
1971-04-01,0.00
1971-04-02,0.30T
1971-04-03,6.85
1971-04-04,0.00
1971-04-05,0.00
1971-04-06,0.00
1971-04-07,0.00
1971-04-08,0.00
1971-04-09,0.00
1971-04-10,0.30T
1971-04-11,0.00
1971-04-12,0.00
1971-04-13,0.30T
1971-04-14,8.41
1971-04-15,13.72
1971-04-16,7.89
1971-04-17,5.50
1971-04-18,2.59
1971-04-19,0.51
1971-04-20,0.72
1971-04-21,19.75
1971-04-22,7.37
1971-04-23,4.98
1971-04-24,1.55
1971-04-25,0.51
1971-04-26,1.76
1971-04-27,0.30T
1971-04-28,0.30T
1971-04-29,0.00
1971-04-30,0.00
1971-04-31,-9999.99M
1971-05-01,0.51
1971-05-02,0.00
1971-05-03,3.63
1971-05-04,17.36
1971-05-05,5.19
1971-05-06,0.30T
1971-05-07,0.30T
1971-05-08,0.00
1971-05-09,0.00
1971-05-10,0.00
1971-05-11,0.00
1971-05-12,0.00
1971-05-13,0.30T
1971-05-14,4.98
1971-05-15,0.00
1971-05-16,0.00
1971-05-17,0.00
1971-05-18,0.00
1971-05-19,0.00
1971-05-20,0.00
1971-05-21,1.76
1971-05-22,22.87
1971-05-23,2.07
1971-05-24,0.00
1971-05-25,10.81
1971-05-26,5.50
1971-05-27,3.63
1971-05-28,0.00
1971-05-29,0.00
1971-05-30,0.00
1971-05-31,0.00
1971-06-01,0.30T
1971-06-02,0.00
1971-06-03,3.94
1971-06-04,0.00
1971-06-05,0.00
1971-06-06,0.00
1971-06-07,0.30T
1971-06-08,16.01
1971-06-09,0.51
1971-06-10,0.30T
1971-06-11,0.00
1971-06-12,0.30T
1971-06-13,4.46
1971-06-14,0.30T
1971-06-15,0.00
1971-06-16,0.00
1971-06-17,0.00
1971-06-18,0.00
1971-06-19,0.30T
1971-06-20,9.66
1971-06-21,14.45
1971-06-22,0.00
1971-06-23,0.51
1971-06-24,6.85
1971-06-25,0.00
1971-06-26,0.30T
1971-06-27,0.30T
1971-06-28,0.00
1971-06-29,0.30T
1971-06-30,2.07
1971-06-31,-9999.99M
1971-07-01,11.85
1971-07-02,3.11
1971-07-03,0.51
1971-07-04,2.59
1971-07-05,0.30T
1971-07-06,6.02
1971-07-07,0.51
1971-07-08,0.00
1971-07-09,0.00
1971-07-10,0.30T
1971-07-11,0.00
1971-07-12,0.00
1971-07-13,0.00
1971-07-14,12.37
1971-07-15,0.51
1971-07-16,10.49
1971-07-17,27.65
1971-07-18,2.07
1971-07-19,3.32
1971-07-20,2.07
1971-07-21,0.51
1971-07-22,0.00
1971-07-23,0.30T
1971-07-24,0.30T
1971-07-25,0.00
1971-07-26,0.00
1971-07-27,0.51
1971-07-28,0.00
1971-07-29,7.37
1971-07-30,0.00
1971-07-31,13.41
1971-08-01,3.32
1971-08-02,0.00
1971-08-03,2.80
1971-08-04,0.00
1971-08-05,0.00
1971-08-06,0.00
1971-08-07,0.72
1971-08-08,0.51
1971-08-09,1.24
1971-08-10,0.30T
1971-08-11,8.93
1971-08-12,0.51
1971-08-13,0.72
1971-08-14,11.33
1971-08-15,5.19
1971-08-16,0.00
1971-08-17,0.00
1971-08-18,0.00
1971-08-19,0.00
1971-08-20,3.11
1971-08-21,0.72
1971-08-22,2.07
1971-08-23,32.44
1971-08-24,2.28
1971-08-25,0.00
1971-08-26,0.00
1971-08-27,0.00
1971-08-28,19.75
1971-08-29,9.14
1971-08-30,0.72
1971-08-31,1.24
1971-09-01,0.00
1971-09-02,0.00
1971-09-03,0.00
1971-09-04,41.38
1971-09-05,0.72
1971-09-06,0.00
1971-09-07,0.30T
1971-09-08,0.51
1971-09-09,0.00
1971-09-10,0.00
1971-09-11,0.00
1971-09-12,7.89
1971-09-13,4.15
1971-09-14,9.14
1971-09-15,2.07
1971-09-16,0.00
1971-09-17,6.54
1971-09-18,22.66
1971-09-19,0.00
1971-09-20,0.30T
1971-09-21,9.14
1971-09-22,0.00
1971-09-23,0.00
1971-09-24,1.03
1971-09-25,0.30T
1971-09-26,0.00
1971-09-27,0.00
1971-09-28,0.00
1971-09-29,5.71
1971-09-30,0.00
1971-09-31,-9999.99M
1971-10-01,11.33
1971-10-02,0.72
1971-10-03,0.00
1971-10-04,7.37
1971-10-05,1.24
1971-10-06,7.58
1971-10-07,15.49
1971-10-08,0.30T
1971-10-09,0.00
1971-10-10,29.21
1971-10-11,6.02
1971-10-12,2.59
1971-10-13,0.00
1971-10-14,2.28
1971-10-15,0.00
1971-10-16,0.00
1971-10-17,0.00
1971-10-18,0.72
1971-10-19,0.00
1971-10-20,2.28
1971-10-21,0.00
1971-10-22,0.51
1971-10-23,2.07
1971-10-24,0.00
1971-10-25,6.54
1971-10-26,2.80
1971-10-27,0.00
1971-10-28,0.00
1971-10-29,0.00
1971-10-30,0.51
1971-10-31,0.30T
1971-11-01,0.30T
1971-11-02,3.32
1971-11-03,0.51
1971-11-04,8.41
1971-11-05,0.00
1971-11-06,0.00
1971-11-07,4.98
1971-11-08,0.00
1971-11-09,0.00
1971-11-10,0.00
1971-11-11,0.00
1971-11-12,0.00
1971-11-13,0.00
1971-11-14,0.00
1971-11-15,0.00
1971-11-16,0.00
1971-11-17,0.00
1971-11-18,0.00
1971-11-19,4.46
1971-11-20,0.72
1971-11-21,0.00
1971-11-22,0.00
1971-11-23,0.00
1971-11-24,0.00
1971-11-25,0.00
1971-11-26,13.41
1971-11-27,0.00
1971-11-28,0.00
1971-11-29,0.00
1971-11-30,0.00
1971-11-31,-9999.99M
1971-12-01,0.00
1971-12-02,0.00
1971-12-03,0.00
1971-12-04,0.00
1971-12-05,0.00
1971-12-06,0.00
1971-12-07,0.00
1971-12-08,0.00
1971-12-09,0.00
1971-12-10,0.30T
1971-12-11,7.06
1971-12-12,0.00
1971-12-13,0.00
1971-12-14,0.00
1971-12-15,0.00
1971-12-16,0.30T
1971-12-17,0.00
1971-12-18,0.00
1971-12-19,0.00
1971-12-20,0.00
1971-12-21,0.00
1971-12-22,0.00
1971-12-23,0.00
1971-12-24,0.00
1971-12-25,0.00
1971-12-26,0.00
1971-12-27,0.00
1971-12-28,0.00
1971-12-29,0.00
1971-12-30,0.00
1971-12-31,0.00
1972-01-01,0.00
1972-01-02,0.00
1972-01-03,0.00
1972-01-04,0.00
1972-01-05,0.00
1972-01-06,0.00
1972-01-07,0.00
1972-01-08,0.00
1972-01-09,0.00
1972-01-10,0.30T
1972-01-11,0.00
1972-01-12,0.00
1972-01-13,0.30T
1972-01-14,0.72
1972-01-15,0.00
1972-01-16,0.00
1972-01-17,0.00
1972-01-18,0.00
1972-01-19,1.76
1972-01-20,0.00
1972-01-21,0.00
1972-01-22,0.00
1972-01-23,1.55
1972-01-24,0.00
1972-01-25,0.00
1972-01-26,0.00
1972-01-27,0.00
1972-01-28,0.00
1972-01-29,0.00
1972-01-30,0.00
1972-01-31,0.00
1972-02-01,0.00
1972-02-02,0.00
1972-02-03,0.00
1972-02-04,0.00
1972-02-05,0.00
1972-02-06,0.00
1972-02-07,0.00
1972-02-08,0.00
1972-02-09,0.00
1972-02-10,0.00
1972-02-11,0.00
1972-02-12,0.00
1972-02-13,0.00
1972-02-14,4.67
1972-02-15,0.00
1972-02-16,0.00
1972-02-17,0.00
1972-02-18,0.00
1972-02-19,0.00
1972-02-20,0.00
1972-02-21,0.00
1972-02-22,0.00
1972-02-23,0.00
1972-02-24,0.00
1972-02-25,0.00
1972-02-26,0.00
1972-02-27,0.00
1972-02-28,0.00
1972-02-29,0.00
1972-02-30,-9999.99M
1972-02-31,-9999.99M
1972-03-01,0.00
1972-03-02,0.00
1972-03-03,0.00
1972-03-04,0.00
1972-03-05,0.00
1972-03-06,0.00
1972-03-07,0.00
1972-03-08,0.00
1972-03-09,0.00
1972-03-10,0.00
1972-03-11,0.00
1972-03-12,0.00
1972-03-13,0.00
1972-03-14,0.00
1972-03-15,0.00
1972-03-16,0.00
1972-03-17,7.37
1972-03-18,1.55
1972-03-19,0.00
1972-03-20,0.00
1972-03-21,0.00
1972-03-22,0.00
1972-03-23,0.00
1972-03-24,0.00
1972-03-25,0.00
1972-03-26,0.00
1972-03-27,0.00
1972-03-28,2.59
1972-03-29,0.00
1972-03-30,0.00
1972-03-31,0.00
1972-04-01,0.00
1972-04-02,0.00
1972-04-03,0.00
1972-04-04,0.00
1972-04-05,0.00
1972-04-06,0.00
1972-04-07,0.00
1972-04-08,0.00
1972-04-09,0.00
1972-04-10,0.00
1972-04-11,0.00
1972-04-12,0.00
1972-04-13,0.00
1972-04-14,0.00
1972-04-15,0.51
1972-04-16,0.00
1972-04-17,0.72
1972-04-18,0.00
1972-04-19,0.00
1972-04-20,0.00
1972-04-21,0.00
1972-04-22,0.00
1972-04-23,0.72
1972-04-24,3.63
1972-04-25,0.00
1972-04-26,0.00
1972-04-27,0.30T
1972-04-28,0.00
1972-04-29,0.00
1972-04-30,0.30T
1972-04-31,-9999.99M
1972-05-01,0.00
1972-05-02,0.00
1972-05-03,1.76
1972-05-04,17.36
1972-05-05,15.49
1972-05-06,0.51
1972-05-07,4.46
1972-05-08,0.00
1972-05-09,0.00
1972-05-10,0.00
1972-05-11,0.00
1972-05-12,0.00
1972-05-13,0.00
1972-05-14,1.03
1972-05-15,8.62
1972-05-16,2.07
1972-05-17,0.51
1972-05-18,4.98
1972-05-19,0.00
1972-05-20,0.00
1972-05-21,0.00
1972-05-22,0.00
1972-05-23,0.00
1972-05-24,0.00
1972-05-25,0.00
1972-05-26,0.00
1972-05-27,0.00
1972-05-28,0.00
1972-05-29,0.00
1972-05-30,0.00
1972-05-31,23.18
1972-06-01,30.05
1972-06-02,11.85
1972-06-03,0.00
1972-06-04,2.80
1972-06-05,0.00
1972-06-06,0.00
1972-06-07,0.30T
1972-06-08,2.59
1972-06-09,25.26
1972-06-10,12.57
1972-06-11,1.76
1972-06-12,1.24
1972-06-13,0.00
1972-06-14,0.72
1972-06-15,2.07
1972-06-16,5.19
1972-06-17,1.03
1972-06-18,0.00
1972-06-19,0.00
1972-06-20,0.00
1972-06-21,0.00
1972-06-22,6.23
1972-06-23,12.89
1972-06-24,19.23
1972-06-25,0.72
1972-06-26,0.72
1972-06-27,0.30T
1972-06-28,0.00
1972-06-29,0.30T
1972-06-30,0.51
1972-06-31,-9999.99M
1972-07-01,2.28
1972-07-02,6.23
1972-07-03,25.78
1972-07-04,4.46
1972-07-05,0.00
1972-07-06,0.00
1972-07-07,1.76
1972-07-08,0.30T
1972-07-09,1.03
1972-07-10,19.23
1972-07-11,0.51
1972-07-12,0.00
1972-07-13,20.58
1972-07-14,1.24
1972-07-15,0.30T
1972-07-16,3.11
1972-07-17,9.66
1972-07-18,0.30T
1972-07-19,24.53
1972-07-20,0.00
1972-07-21,0.00
1972-07-22,0.00
1972-07-23,0.00
1972-07-24,0.00
1972-07-25,0.00
1972-07-26,0.00
1972-07-27,0.00
1972-07-28,1.55
1972-07-29,16.32
1972-07-30,5.19
1972-07-31,0.00
1972-08-01,0.72
1972-08-02,0.00
1972-08-03,2.07
1972-08-04,0.72
1972-08-05,0.00
1972-08-06,0.00
1972-08-07,11.33
1972-08-08,5.50
1972-08-09,7.89
1972-08-10,1.76
1972-08-11,0.00
1972-08-12,7.58
1972-08-13,1.55
1972-08-14,0.00
1972-08-15,0.00
1972-08-16,0.00
1972-08-17,0.00
1972-08-18,24.01
1972-08-19,1.24
1972-08-20,0.00
1972-08-21,0.00
1972-08-22,1.24
1972-08-23,7.37
1972-08-24,0.30T
1972-08-25,6.54
1972-08-26,0.00
1972-08-27,0.00
1972-08-28,11.33
1972-08-29,0.00
1972-08-30,0.30T
1972-08-31,2.59
1972-09-01,0.00
1972-09-02,0.00
1972-09-03,13.93
1972-09-04,59.69
1972-09-05,0.00
1972-09-06,0.51
1972-09-07,0.00
1972-09-08,4.67
1972-09-09,6.54
1972-09-10,0.00
1972-09-11,0.00
1972-09-12,0.00
1972-09-13,1.24
1972-09-14,1.55
1972-09-15,0.00
1972-09-16,0.00
1972-09-17,4.15
1972-09-18,0.72
1972-09-19,14.45
1972-09-20,0.00
1972-09-21,0.00
1972-09-22,0.51
1972-09-23,0.00
1972-09-24,0.30T
1972-09-25,0.30T
1972-09-26,42.94
1972-09-27,3.11
1972-09-28,0.00
1972-09-29,0.30T
1972-09-30,4.46
1972-09-31,-9999.99M
1972-10-01,0.00
1972-10-02,0.00
1972-10-03,0.30T
1972-10-04,0.00
1972-10-05,0.30T
1972-10-06,0.30T
1972-10-07,35.35
1972-10-08,3.94
1972-10-09,2.07
1972-10-10,0.00
1972-10-11,0.00
1972-10-12,3.32
1972-10-13,0.00
1972-10-14,2.80
1972-10-15,2.07
1972-10-16,0.72
1972-10-17,0.51
1972-10-18,0.00
1972-10-19,0.00
1972-10-20,0.00
1972-10-21,0.00
1972-10-22,0.00
1972-10-23,10.29
1972-10-24,13.93
1972-10-25,0.00
1972-10-26,0.00
1972-10-27,0.00
1972-10-28,5.19
1972-10-29,9.45
1972-10-30,0.00
1972-10-31,0.00
1972-11-01,0.00
1972-11-02,5.50
1972-11-03,0.30T
1972-11-04,0.00
1972-11-05,0.00
1972-11-06,0.00
1972-11-07,0.00
1972-11-08,5.19
1972-11-09,4.98
1972-11-10,0.00
1972-11-11,0.00
1972-11-12,0.00
1972-11-13,0.00
1972-11-14,0.00
1972-11-15,0.00
1972-11-16,0.00
1972-11-17,0.00
1972-11-18,0.00
1972-11-19,0.00
1972-11-20,0.00
1972-11-21,0.00
1972-11-22,0.00
1972-11-23,0.00
1972-11-24,0.00
1972-11-25,0.00
1972-11-26,1.24
1972-11-27,4.46
1972-11-28,3.63
1972-11-29,0.00
1972-11-30,0.00
1972-11-31,-9999.99M
1972-12-01,0.00
1972-12-02,0.00
1972-12-03,0.00
1972-12-04,0.00
1972-12-05,0.51
1972-12-06,21.62
1972-12-07,0.30T
1972-12-08,0.00
1972-12-09,0.00
1972-12-10,0.00
1972-12-11,0.00
1972-12-12,0.00
1972-12-13,0.00
1972-12-14,0.00
1972-12-15,0.00
1972-12-16,0.00
1972-12-17,0.00
1972-12-18,0.00
1972-12-19,0.00
1972-12-20,0.00
1972-12-21,0.00
1972-12-22,0.00
1972-12-23,0.00
1972-12-24,0.00
1972-12-25,0.00
1972-12-26,0.00
1972-12-27,0.00
1972-12-28,0.00
1972-12-29,0.00
1972-12-30,0.00
1972-12-31,0.30T
1973-01-01,4.98
1973-01-02,0.00
1973-01-03,0.00
1973-01-04,0.00
1973-01-05,0.00
1973-01-06,0.00
1973-01-07,0.00
1973-01-08,0.00
1973-01-09,0.00
1973-01-10,0.00
1973-01-11,0.00
1973-01-12,0.00
1973-01-13,0.00
1973-01-14,0.00
1973-01-15,0.00
1973-01-16,0.00
1973-01-17,0.00
1973-01-18,2.80
1973-01-19,0.72
1973-01-20,7.37
1973-01-21,0.00
1973-01-22,0.00
1973-01-23,22.14
1973-01-24,0.00
1973-01-25,0.00
1973-01-26,0.00
1973-01-27,0.00
1973-01-28,0.00
1973-01-29,0.00
1973-01-30,0.00
1973-01-31,0.00
1973-02-01,0.00
1973-02-02,7.89
1973-02-03,4.15
1973-02-04,0.00
1973-02-05,0.00
1973-02-06,0.00
1973-02-07,0.00
1973-02-08,0.00
1973-02-09,0.00
1973-02-10,0.00
1973-02-11,0.00
1973-02-12,0.00
1973-02-13,2.59
1973-02-14,0.00
1973-02-15,0.00
1973-02-16,0.00
1973-02-17,0.00
1973-02-18,0.00
1973-02-19,0.00
1973-02-20,0.00
1973-02-21,0.30T
1973-02-22,0.00
1973-02-23,0.00
1973-02-24,0.00
1973-02-25,0.00
1973-02-26,0.00
1973-02-27,0.00
1973-02-28,0.00
1973-02-29,-9999.99M
1973-02-30,-9999.99M
1973-02-31,-9999.99M
1973-03-01,0.00
1973-03-02,0.00
1973-03-03,0.00
1973-03-04,8.93
1973-03-05,0.00
1973-03-06,0.00
1973-03-07,0.00
1973-03-08,6.54
1973-03-09,0.00
1973-03-10,0.00
1973-03-11,0.72
1973-03-12,12.05
1973-03-13,0.00
1973-03-14,0.00
1973-03-15,0.00
1973-03-16,5.50
1973-03-17,0.00
1973-03-18,4.15
1973-03-19,0.30T
1973-03-20,0.00
1973-03-21,0.00
1973-03-22,0.00
1973-03-23,0.00
1973-03-24,0.00
1973-03-25,0.00
1973-03-26,0.00
1973-03-27,0.00
1973-03-28,0.00
1973-03-29,0.00
1973-03-30,0.00
1973-03-31,0.00
1973-04-01,0.00
1973-04-02,0.00
1973-04-03,0.00
1973-04-04,0.00
1973-04-05,2.07
1973-04-06,0.30T
1973-04-07,0.00
1973-04-08,0.00
1973-04-09,0.00
1973-04-10,0.00
1973-04-11,0.00
1973-04-12,0.00
1973-04-13,0.00
1973-04-14,0.00
1973-04-15,0.00
1973-04-16,0.30T
1973-04-17,0.72
1973-04-18,0.00
1973-04-19,0.00
1973-04-20,0.00
1973-04-21,0.00
1973-04-22,9.66
1973-04-23,6.02
1973-04-24,1.24
1973-04-25,0.00
1973-04-26,0.00
1973-04-27,0.51
1973-04-28,37.43
1973-04-29,17.36
1973-04-30,1.76
1973-04-31,-9999.99M
1973-05-01,4.46
1973-05-02,0.30T
1973-05-03,1.24
1973-05-04,5.19
1973-05-05,0.30T
1973-05-06,0.30T
1973-05-07,0.00
1973-05-08,0.00
1973-05-09,0.00
1973-05-10,1.24
1973-05-11,16.53
1973-05-12,11.53
1973-05-13,22.35
1973-05-14,0.00
1973-05-15,0.00
1973-05-16,8.41
1973-05-17,0.00
1973-05-18,0.51
1973-05-19,3.11
1973-05-20,1.55
1973-05-21,25.26
1973-05-22,13.72
1973-05-23,5.71
1973-05-24,3.63
1973-05-25,0.30T
1973-05-26,0.00
1973-05-27,0.00
1973-05-28,17.36
1973-05-29,7.06
1973-05-30,0.00
1973-05-31,21.10
1973-06-01,1.76
1973-06-02,0.00
1973-06-03,0.00
1973-06-04,0.00
1973-06-05,0.00
1973-06-06,0.51
1973-06-07,0.00
1973-06-08,3.32
1973-06-09,24.53
1973-06-10,0.30T
1973-06-11,0.00
1973-06-12,0.00
1973-06-13,0.30T
1973-06-14,1.24
1973-06-15,1.55
1973-06-16,0.00
1973-06-17,0.00
1973-06-18,0.30T
1973-06-19,0.00
1973-06-20,0.00
1973-06-21,16.01
1973-06-22,0.30T
1973-06-23,0.00
1973-06-24,5.71
1973-06-25,0.00
1973-06-26,0.30T
1973-06-27,3.94
1973-06-28,6.54
1973-06-29,0.30T
1973-06-30,0.00
1973-06-31,-9999.99M
1973-07-01,1.55
1973-07-02,0.00
1973-07-03,0.51
1973-07-04,7.06
1973-07-05,37.43
1973-07-06,0.72
1973-07-07,0.30T
1973-07-08,0.30T
1973-07-09,0.00
1973-07-10,0.30T
1973-07-11,0.51
1973-07-12,3.94
1973-07-13,0.30T
1973-07-14,11.33
1973-07-15,0.00
1973-07-16,0.00
1973-07-17,0.00
1973-07-18,0.00
1973-07-19,0.00
1973-07-20,3.32
1973-07-21,0.00
1973-07-22,0.00
1973-07-23,0.00
1973-07-24,0.51
1973-07-25,0.00
1973-07-26,0.30T
1973-07-27,3.63
1973-07-28,0.30T
1973-07-29,1.76
1973-07-30,0.00
1973-07-31,0.00
1973-08-01,3.94
1973-08-02,25.05
1973-08-03,1.55
1973-08-04,5.71
1973-08-05,21.62
1973-08-06,0.00
1973-08-07,7.58
1973-08-08,4.46
1973-08-09,2.28
1973-08-10,0.51
1973-08-11,0.51
1973-08-12,6.23
1973-08-13,6.23
1973-08-14,0.00
1973-08-15,0.30T
1973-08-16,5.19
1973-08-17,0.00
1973-08-18,0.00
1973-08-19,0.00
1973-08-20,1.76
1973-08-21,0.00
1973-08-22,2.80
1973-08-23,2.80
1973-08-24,0.00
1973-08-25,1.76
1973-08-26,0.00
1973-08-27,0.00
1973-08-28,3.94
1973-08-29,0.00
1973-08-30,0.00
1973-08-31,0.00
1973-09-01,0.00
1973-09-02,0.00
1973-09-03,0.00
1973-09-04,0.00
1973-09-05,0.00
1973-09-06,7.58
1973-09-07,1.24
1973-09-08,0.30T
1973-09-09,0.00
1973-09-10,0.30T
1973-09-11,5.19
1973-09-12,0.00
1973-09-13,0.51
1973-09-14,0.00
1973-09-15,0.00
1973-09-16,6.02
1973-09-17,0.00
1973-09-18,14.76
1973-09-19,0.00
1973-09-20,6.23
1973-09-21,0.30T
1973-09-22,2.28
1973-09-23,0.30T
1973-09-24,0.00
1973-09-25,0.00
1973-09-26,0.30T
1973-09-27,3.32
1973-09-28,0.00
1973-09-29,7.06
1973-09-30,0.00
1973-09-31,-9999.99M
1973-10-01,0.00
1973-10-02,0.30T
1973-10-03,0.00
1973-10-04,0.00
1973-10-05,17.36
1973-10-06,1.76
1973-10-07,0.00
1973-10-08,0.00
1973-10-09,1.55
1973-10-10,0.00
1973-10-11,0.30T
1973-10-12,1.24
1973-10-13,4.15
1973-10-14,5.19
1973-10-15,0.30T
1973-10-16,0.30T
1973-10-17,0.51
1973-10-18,0.30T
1973-10-19,0.00
1973-10-20,0.30T
1973-10-21,0.30T
1973-10-22,0.00
1973-10-23,3.63
1973-10-24,0.00
1973-10-25,0.00
1973-10-26,0.00
1973-10-27,0.00
1973-10-28,0.00
1973-10-29,0.00
1973-10-30,11.85
1973-10-31,31.09
1973-11-01,16.32
1973-11-02,2.59
1973-11-03,0.30T
1973-11-04,0.00
1973-11-05,0.00
1973-11-06,0.00
1973-11-07,0.00
1973-11-08,0.00
1973-11-09,0.00
1973-11-10,0.00
1973-11-11,0.00
1973-11-12,0.00
1973-11-13,0.30T
1973-11-14,0.00
1973-11-15,0.00
1973-11-16,0.00
1973-11-17,0.00
1973-11-18,0.00
1973-11-19,0.00
1973-11-20,0.00
1973-11-21,0.00
1973-11-22,0.30T
1973-11-23,0.72
1973-11-24,0.00
1973-11-25,0.00
1973-11-26,0.00
1973-11-27,0.00
1973-11-28,12.57
1973-11-29,3.11
1973-11-30,0.00
1973-11-31,-9999.99M
1973-12-01,0.00
1973-12-02,0.00
1973-12-03,0.00
1973-12-04,0.30T
1973-12-05,14.24
1973-12-06,5.71
1973-12-07,0.00
1973-12-08,0.00
1973-12-09,0.51
1973-12-10,5.19
1973-12-11,0.00
1973-12-12,0.00
1973-12-13,0.00
1973-12-14,0.00
1973-12-15,0.30T
1973-12-16,0.00
1973-12-17,9.66
1973-12-18,0.51
1973-12-19,0.00
1973-12-20,0.00
1973-12-21,25.05
1973-12-22,0.51
1973-12-23,0.00
1973-12-24,0.00
1973-12-25,0.00
1973-12-26,0.30T
1973-12-27,0.00
1973-12-28,0.00
1973-12-29,0.00
1973-12-30,1.55
1973-12-31,0.00
1974-01-01,0.00
1974-01-02,0.00
1974-01-03,0.00
1974-01-04,0.00
1974-01-05,0.00
1974-01-06,0.00
1974-01-07,0.00
1974-01-08,0.00
1974-01-09,0.00
1974-01-10,0.00
1974-01-11,0.00
1974-01-12,0.00
1974-01-13,0.00
1974-01-14,0.00
1974-01-15,0.00
1974-01-16,0.00
1974-01-17,0.00
1974-01-18,0.00
1974-01-19,0.00
1974-01-20,0.00
1974-01-21,3.63
1974-01-22,3.94
1974-01-23,0.30T
1974-01-24,0.00
1974-01-25,0.00
1974-01-26,0.00
1974-01-27,4.67
1974-01-28,0.00
1974-01-29,0.00
1974-01-30,0.00
1974-01-31,2.28
1974-02-01,0.00
1974-02-02,0.00
1974-02-03,0.00
1974-02-04,0.00
1974-02-05,0.00
1974-02-06,0.00
1974-02-07,0.00
1974-02-08,0.00
1974-02-09,0.00
1974-02-10,0.00
1974-02-11,0.00
1974-02-12,0.00
1974-02-13,0.00
1974-02-14,0.00
1974-02-15,0.00
1974-02-16,0.00
1974-02-17,0.00
1974-02-18,0.00
1974-02-19,0.00
1974-02-20,0.00
1974-02-21,0.00
1974-02-22,0.30T
1974-02-23,6.02
1974-02-24,0.00
1974-02-25,0.00
1974-02-26,0.00
1974-02-27,0.00
1974-02-28,0.00
1974-02-29,-9999.99M
1974-02-30,-9999.99M
1974-02-31,-9999.99M
1974-03-01,0.30T
1974-03-02,0.00
1974-03-03,0.00
1974-03-04,0.00
1974-03-05,7.06
1974-03-06,0.30T
1974-03-07,3.63
1974-03-08,0.00
1974-03-09,0.00
1974-03-10,0.00
1974-03-11,0.00
1974-03-12,0.00
1974-03-13,0.00
1974-03-14,0.00
1974-03-15,0.00
1974-03-16,0.00
1974-03-17,4.15
1974-03-18,0.00
1974-03-19,0.00
1974-03-20,0.00
1974-03-21,0.00
1974-03-22,0.00
1974-03-23,0.00
1974-03-24,4.46
1974-03-25,0.00
1974-03-26,0.00
1974-03-27,0.00
1974-03-28,0.00
1974-03-29,0.00
1974-03-30,0.00
1974-03-31,0.00
1974-04-01,0.00
1974-04-02,0.30T
1974-04-03,0.00
1974-04-04,6.54
1974-04-05,5.19
1974-04-06,0.30T
1974-04-07,0.00
1974-04-08,0.00
1974-04-09,0.00
1974-04-10,0.00
1974-04-11,0.00
1974-04-12,0.00
1974-04-13,0.00
1974-04-14,2.59
1974-04-15,19.75
1974-04-16,0.00
1974-04-17,0.00
1974-04-18,0.30T
1974-04-19,0.00
1974-04-20,0.00
1974-04-21,0.00
1974-04-22,11.53
1974-04-23,4.98
1974-04-24,0.00
1974-04-25,0.00
1974-04-26,0.00
1974-04-27,0.00
1974-04-28,1.55
1974-04-29,7.58
1974-04-30,0.00
1974-04-31,-9999.99M
1974-05-01,26.61
1974-05-02,0.00
1974-05-03,0.00
1974-05-04,3.11
1974-05-05,0.00
1974-05-06,0.00
1974-05-07,0.00
1974-05-08,5.50
1974-05-09,0.00
1974-05-10,1.03
1974-05-11,0.00
1974-05-12,14.45
1974-05-13,17.88
1974-05-14,3.11
1974-05-15,0.72
1974-05-16,0.00
1974-05-17,2.07
1974-05-18,0.51
1974-05-19,0.30T
1974-05-20,0.00
1974-05-21,0.00
1974-05-22,2.07
1974-05-23,2.59
1974-05-24,1.03
1974-05-25,6.23
1974-05-26,2.28
1974-05-27,0.00
1974-05-28,0.72
1974-05-29,0.51
1974-05-30,0.00
1974-05-31,0.51
1974-06-01,4.67
1974-06-02,0.00
1974-06-03,0.00
1974-06-04,0.00
1974-06-05,1.03
1974-06-06,0.00
1974-06-07,0.00
1974-06-08,0.00
1974-06-09,0.51
1974-06-10,0.00
1974-06-11,16.84
1974-06-12,0.00
1974-06-13,0.00
1974-06-14,0.00
1974-06-15,1.55
1974-06-16,0.00
1974-06-17,5.19
1974-06-18,28.49
1974-06-19,1.24
1974-06-20,4.15
1974-06-21,0.72
1974-06-22,0.30T
1974-06-23,1.76
1974-06-24,2.28
1974-06-25,0.00
1974-06-26,0.00
1974-06-27,0.00
1974-06-28,0.00
1974-06-29,0.51
1974-06-30,0.51
1974-06-31,-9999.99M
1974-07-01,12.37
1974-07-02,38.26
1974-07-03,7.06
1974-07-04,0.00
1974-07-05,6.02
1974-07-06,10.81
1974-07-07,0.51
1974-07-08,2.07
1974-07-09,2.59
1974-07-10,1.76
1974-07-11,2.28
1974-07-12,0.00
1974-07-13,0.00
1974-07-14,3.32
1974-07-15,31.61
1974-07-16,0.00
1974-07-17,0.00
1974-07-18,7.37
1974-07-19,6.54
1974-07-20,0.00
1974-07-21,0.30T
1974-07-22,0.00
1974-07-23,0.00
1974-07-24,0.30T
1974-07-25,0.30T
1974-07-26,0.00
1974-07-27,1.03
1974-07-28,0.51
1974-07-29,6.54
1974-07-30,0.00
1974-07-31,4.67
1974-08-01,9.97
1974-08-02,0.00
1974-08-03,4.98
1974-08-04,25.78
1974-08-05,1.03
1974-08-06,0.00
1974-08-07,2.07
1974-08-08,8.62
1974-08-09,0.00
1974-08-10,0.00
1974-08-11,0.00
1974-08-12,0.00
1974-08-13,0.00
1974-08-14,0.00
1974-08-15,0.30T
1974-08-16,0.00
1974-08-17,2.28
1974-08-18,17.67
1974-08-19,5.50
1974-08-20,0.00
1974-08-21,0.00
1974-08-22,0.00
1974-08-23,21.31
1974-08-24,4.98
1974-08-25,0.00
1974-08-26,0.00
1974-08-27,4.67
1974-08-28,0.00
1974-08-29,0.00
1974-08-30,0.30T
1974-08-31,0.00
1974-09-01,0.00
1974-09-02,0.00
1974-09-03,1.76
1974-09-04,11.33
1974-09-05,0.00
1974-09-06,0.00
1974-09-07,0.00
1974-09-08,0.00
1974-09-09,8.93
1974-09-10,0.00
1974-09-11,7.06
1974-09-12,15.28
1974-09-13,9.66
1974-09-14,8.41
1974-09-15,0.00
1974-09-16,4.15
1974-09-17,0.30T
1974-09-18,0.51
1974-09-19,0.00
1974-09-20,0.30T
1974-09-21,3.63
1974-09-22,20.58
1974-09-23,0.00
1974-09-24,0.00
1974-09-25,0.00
1974-09-26,7.58
1974-09-27,0.00
1974-09-28,0.00
1974-09-29,1.76
1974-09-30,8.93
1974-09-31,-9999.99M
1974-10-01,0.00
1974-10-02,1.76
1974-10-03,28.69
1974-10-04,9.14
1974-10-05,0.00
1974-10-06,0.00
1974-10-07,0.72
1974-10-08,0.00
1974-10-09,0.00
1974-10-10,3.11
1974-10-11,0.00
1974-10-12,4.67
1974-10-13,0.00
1974-10-14,2.07
1974-10-15,9.14
1974-10-16,0.00
1974-10-17,4.46
1974-10-18,8.62
1974-10-19,0.00
1974-10-20,0.00
1974-10-21,0.00
1974-10-22,0.00
1974-10-23,0.00
1974-10-24,0.00
1974-10-25,0.30T
1974-10-26,0.00
1974-10-27,0.00
1974-10-28,0.00
1974-10-29,7.89
1974-10-30,0.30T
1974-10-31,4.46
1974-11-01,3.63
1974-11-02,0.00
1974-11-03,0.00
1974-11-04,6.23
1974-11-05,0.00
1974-11-06,0.00
1974-11-07,0.00
1974-11-08,0.00
1974-11-09,0.00
1974-11-10,0.00
1974-11-11,0.00
1974-11-12,0.30T
1974-11-13,16.01
1974-11-14,0.51
1974-11-15,3.63
1974-11-16,0.00
1974-11-17,0.00
1974-11-18,0.51
1974-11-19,0.00
1974-11-20,0.00
1974-11-21,0.00
1974-11-22,0.00
1974-11-23,0.00
1974-11-24,0.51
1974-11-25,0.00
1974-11-26,0.00
1974-11-27,0.00
1974-11-28,0.00
1974-11-29,0.00
1974-11-30,0.00
1974-11-31,-9999.99M
1974-12-01,0.00
1974-12-02,0.00
1974-12-03,1.03
1974-12-04,0.00
1974-12-05,0.00
1974-12-06,0.00
1974-12-07,0.30T
1974-12-08,1.55
1974-12-09,6.02
1974-12-10,0.51
1974-12-11,0.00
1974-12-12,0.00
1974-12-13,0.00
1974-12-14,0.00
1974-12-15,0.00
1974-12-16,0.00
1974-12-17,0.00
1974-12-18,0.00
1974-12-19,0.00
1974-12-20,0.00
1974-12-21,0.30T
1974-12-22,0.00
1974-12-23,0.00
1974-12-24,0.00
1974-12-25,0.00
1974-12-26,0.00
1974-12-27,0.00
1974-12-28,0.00
1974-12-29,0.00
1974-12-30,0.00
1974-12-31,0.00
1975-01-01,0.00
1975-01-02,0.00
1975-01-03,0.00
1975-01-04,0.00
1975-01-05,0.00
1975-01-06,0.00
1975-01-07,0.00
1975-01-08,0.00
1975-01-09,0.00
1975-01-10,0.00
1975-01-11,2.80
1975-01-12,21.10
1975-01-13,0.00
1975-01-14,0.00
1975-01-15,0.00
1975-01-16,0.00
1975-01-17,0.00
1975-01-18,0.00
1975-01-19,0.00
1975-01-20,0.00
1975-01-21,0.00
1975-01-22,0.00
1975-01-23,0.00
1975-01-24,0.00
1975-01-25,0.00
1975-01-26,0.00
1975-01-27,0.00
1975-01-28,0.00
1975-01-29,0.00
1975-01-30,0.00
1975-01-31,0.00
1975-02-01,0.00
1975-02-02,0.00
1975-02-03,0.00
1975-02-04,0.00
1975-02-05,0.00
1975-02-06,0.00
1975-02-07,0.00
1975-02-08,0.00
1975-02-09,0.00
1975-02-10,0.00
1975-02-11,0.00
1975-02-12,0.00
1975-02-13,0.00
1975-02-14,0.00
1975-02-15,0.00
1975-02-16,0.00
1975-02-17,0.00
1975-02-18,0.00
1975-02-19,0.00
1975-02-20,0.00
1975-02-21,0.00
1975-02-22,0.00
1975-02-23,0.00
1975-02-24,0.00
1975-02-25,3.32
1975-02-26,0.00
1975-02-27,0.00
1975-02-28,0.00
1975-02-29,-9999.99M
1975-02-30,-9999.99M
1975-02-31,-9999.99M
1975-03-01,0.00
1975-03-02,0.00
1975-03-03,0.00
1975-03-04,0.00
1975-03-05,0.00
1975-03-06,0.00
1975-03-07,0.00
1975-03-08,0.00
1975-03-09,0.00
1975-03-10,0.00
1975-03-11,0.00
1975-03-12,0.00
1975-03-13,0.00
1975-03-14,0.00
1975-03-15,0.00
1975-03-16,0.00
1975-03-17,0.00
1975-03-18,0.00
1975-03-19,0.00
1975-03-20,1.55
1975-03-21,14.24
1975-03-22,0.00
1975-03-23,0.00
1975-03-24,0.00
1975-03-25,0.51
1975-03-26,0.00
1975-03-27,0.00
1975-03-28,0.00
1975-03-29,0.00
1975-03-30,0.00
1975-03-31,0.00
1975-04-01,0.00
1975-04-02,0.00
1975-04-03,0.00
1975-04-04,0.00
1975-04-05,0.00
1975-04-06,2.07
1975-04-07,6.54
1975-04-08,0.00
1975-04-09,0.00
1975-04-10,0.00
1975-04-11,0.00
1975-04-12,0.00
1975-04-13,0.00
1975-04-14,0.00
1975-04-15,0.00
1975-04-16,0.00
1975-04-17,0.00
1975-04-18,0.72
1975-04-19,11.53
1975-04-20,1.03
1975-04-21,0.00
1975-04-22,0.00
1975-04-23,0.00
1975-04-24,3.11
1975-04-25,0.51
1975-04-26,0.72
1975-04-27,0.51
1975-04-28,0.30T
1975-04-29,0.00
1975-04-30,1.55
1975-04-31,-9999.99M
1975-05-01,0.00
1975-05-02,0.00
1975-05-03,4.15
1975-05-04,0.00
1975-05-05,0.00
1975-05-06,0.30T
1975-05-07,4.46
1975-05-08,0.30T
1975-05-09,0.00
1975-05-10,0.00
1975-05-11,0.00
1975-05-12,0.00
1975-05-13,0.30T
1975-05-14,0.00
1975-05-15,2.80
1975-05-16,3.63
1975-05-17,0.00
1975-05-18,0.00
1975-05-19,0.00
1975-05-20,4.46
1975-05-21,0.00
1975-05-22,4.98
1975-05-23,0.30T
1975-05-24,0.00
1975-05-25,0.00
1975-05-26,0.51
1975-05-27,0.30T
1975-05-28,14.76
1975-05-29,0.00
1975-05-30,0.00
1975-05-31,0.30T
1975-06-01,27.13
1975-06-02,0.00
1975-06-03,0.00
1975-06-04,0.00
1975-06-05,0.00
1975-06-06,0.51
1975-06-07,23.49
1975-06-08,4.67
1975-06-09,0.00
1975-06-10,0.00
1975-06-11,0.00
1975-06-12,0.51
1975-06-13,16.32
1975-06-14,2.07
1975-06-15,0.30T
1975-06-16,1.03
1975-06-17,0.00
1975-06-18,2.59
1975-06-19,0.00
1975-06-20,1.24
1975-06-21,0.00
1975-06-22,1.76
1975-06-23,12.05
1975-06-24,7.06
1975-06-25,0.00
1975-06-26,0.00
1975-06-27,0.00
1975-06-28,0.00
1975-06-29,0.00
1975-06-30,0.00
1975-06-31,-9999.99M
1975-07-01,0.00
1975-07-02,6.85
1975-07-03,0.00
1975-07-04,26.09
1975-07-05,9.45
1975-07-06,0.00
1975-07-07,0.00
1975-07-08,7.89
1975-07-09,1.03
1975-07-10,0.51
1975-07-11,0.00
1975-07-12,0.00
1975-07-13,0.00
1975-07-14,7.58
1975-07-15,9.45
1975-07-16,0.00
1975-07-17,18.92
1975-07-18,0.00
1975-07-19,0.00
1975-07-20,0.00
1975-07-21,5.71
1975-07-22,0.30T
1975-07-23,0.51
1975-07-24,18.19
1975-07-25,1.24
1975-07-26,0.00
1975-07-27,0.00
1975-07-28,22.14
1975-07-29,0.72
1975-07-30,0.00
1975-07-31,0.00
1975-08-01,0.00
1975-08-02,0.30T
1975-08-03,1.24
1975-08-04,1.24
1975-08-05,4.15
1975-08-06,0.00
1975-08-07,0.00
1975-08-08,0.00
1975-08-09,0.00
1975-08-10,0.00
1975-08-11,5.71
1975-08-12,2.28
1975-08-13,0.00
1975-08-14,35.56
1975-08-15,0.30T
1975-08-16,0.00
1975-08-17,5.50
1975-08-18,6.02
1975-08-19,0.00
1975-08-20,1.03
1975-08-21,0.00
1975-08-22,3.32
1975-08-23,0.00
1975-08-24,0.00
1975-08-25,0.00
1975-08-26,6.23
1975-08-27,10.29
1975-08-28,0.00
1975-08-29,0.00
1975-08-30,0.00
1975-08-31,0.00
1975-09-01,0.00
1975-09-02,0.00
1975-09-03,0.30T
1975-09-04,1.24
1975-09-05,0.00
1975-09-06,12.05
1975-09-07,0.30T
1975-09-08,0.00
1975-09-09,13.41
1975-09-10,0.30T
1975-09-11,0.00
1975-09-12,19.23
1975-09-13,1.55
1975-09-14,0.30T
1975-09-15,0.30T
1975-09-16,0.00
1975-09-17,0.00
1975-09-18,0.00
1975-09-19,0.30T
1975-09-20,1.24
1975-09-21,0.51
1975-09-22,0.30T
1975-09-23,0.30T
1975-09-24,0.30T
1975-09-25,0.00
1975-09-26,17.15
1975-09-27,14.24
1975-09-28,0.30T
1975-09-29,0.00
1975-09-30,0.00
1975-09-31,-9999.99M
1975-10-01,0.00
1975-10-02,1.76
1975-10-03,1.24
1975-10-04,0.30T
1975-10-05,0.00
1975-10-06,0.30T
1975-10-07,0.00
1975-10-08,0.00
1975-10-09,0.00
1975-10-10,0.00
1975-10-11,0.00
1975-10-12,0.30T
1975-10-13,1.76
1975-10-14,0.30T
1975-10-15,0.00
1975-10-16,0.00
1975-10-17,0.00
1975-10-18,1.03
1975-10-19,0.00
1975-10-20,2.28
1975-10-21,4.67
1975-10-22,0.72
1975-10-23,0.00
1975-10-24,0.00
1975-10-25,0.00
1975-10-26,10.29
1975-10-27,0.00
1975-10-28,0.00
1975-10-29,0.30T
1975-10-30,0.00
1975-10-31,0.00
1975-11-01,2.28
1975-11-02,0.72
1975-11-03,0.30T
1975-11-04,1.24
1975-11-05,3.11
1975-11-06,0.00
1975-11-07,0.00
1975-11-08,0.51
1975-11-09,1.03
1975-11-10,0.00
1975-11-11,7.37
1975-11-12,0.00
1975-11-13,15.80
1975-11-14,12.37
1975-11-15,0.51
1975-11-16,0.00
1975-11-17,0.00
1975-11-18,0.00
1975-11-19,0.00
1975-11-20,0.00
1975-11-21,8.62
1975-11-22,7.89
1975-11-23,0.00
1975-11-24,0.00
1975-11-25,0.00
1975-11-26,0.00
1975-11-27,0.00
1975-11-28,0.00
1975-11-29,0.00
1975-11-30,3.11
1975-11-31,-9999.99M
1975-12-01,1.55
1975-12-02,0.00
1975-12-03,0.00
1975-12-04,0.00
1975-12-05,0.00
1975-12-06,3.11
1975-12-07,0.00
1975-12-08,0.00
1975-12-09,0.00
1975-12-10,18.71
1975-12-11,0.72
1975-12-12,0.00
1975-12-13,0.00
1975-12-14,2.59
1975-12-15,7.06
1975-12-16,0.00
1975-12-17,0.00
1975-12-18,0.00
1975-12-19,0.00
1975-12-20,0.00
1975-12-21,0.00
1975-12-22,0.00
1975-12-23,0.00
1975-12-24,0.00
1975-12-25,0.00
1975-12-26,0.00
1975-12-27,0.00
1975-12-28,0.00
1975-12-29,0.00
1975-12-30,0.00
1975-12-31,0.00
1976-01-01,0.00
1976-01-02,0.00
1976-01-03,0.00
1976-01-04,0.00
1976-01-05,0.00
1976-01-06,0.00
1976-01-07,0.00
1976-01-08,0.00
1976-01-09,0.00
1976-01-10,0.00
1976-01-11,0.00
1976-01-12,0.00
1976-01-13,0.00
1976-01-14,0.00
1976-01-15,0.00
1976-01-16,0.00
1976-01-17,0.00
1976-01-18,0.00
1976-01-19,0.00
1976-01-20,0.00
1976-01-21,0.00
1976-01-22,0.00
1976-01-23,0.00
1976-01-24,0.00
1976-01-25,0.00
1976-01-26,2.28
1976-01-27,13.09
1976-01-28,8.62
1976-01-29,0.00
1976-01-30,0.00
1976-01-31,0.00
1976-02-01,0.00
1976-02-02,21.83
1976-02-03,0.00
1976-02-04,0.00
1976-02-05,0.00
1976-02-06,0.00
1976-02-07,0.00
1976-02-08,0.00
1976-02-09,0.00
1976-02-10,0.00
1976-02-11,0.00
1976-02-12,0.00
1976-02-13,0.00
1976-02-14,0.00
1976-02-15,0.00
1976-02-16,0.00
1976-02-17,0.00
1976-02-18,0.00
1976-02-19,0.00
1976-02-20,0.00
1976-02-21,0.00
1976-02-22,0.00
1976-02-23,0.00
1976-02-24,0.00
1976-02-25,0.00
1976-02-26,0.00
1976-02-27,0.72
1976-02-28,0.00
1976-02-29,0.00
1976-02-30,-9999.99M
1976-02-31,-9999.99M
1976-03-01,0.00
1976-03-02,0.00
1976-03-03,0.00
1976-03-04,0.00
1976-03-05,2.59
1976-03-06,0.30T
1976-03-07,0.00
1976-03-08,0.00
1976-03-09,0.00
1976-03-10,0.00
1976-03-11,0.00
1976-03-12,0.00
1976-03-13,0.00
1976-03-14,0.00
1976-03-15,0.00
1976-03-16,0.00
1976-03-17,0.00
1976-03-18,0.00
1976-03-19,0.00
1976-03-20,0.00
1976-03-21,8.62
1976-03-22,0.51
1976-03-23,0.00
1976-03-24,0.00
1976-03-25,0.51
1976-03-26,0.00
1976-03-27,0.00
1976-03-28,16.32
1976-03-29,2.59
1976-03-30,2.28
1976-03-31,1.03
1976-04-01,0.30T
1976-04-02,3.94
1976-04-03,6.85
1976-04-04,0.30T
1976-04-05,0.00
1976-04-06,0.00
1976-04-07,0.00
1976-04-08,0.00
1976-04-09,0.00
1976-04-10,0.00
1976-04-11,0.00
1976-04-12,0.00
1976-04-13,0.30T
1976-04-14,0.00
1976-04-15,1.76
1976-04-16,0.30T
1976-04-17,0.30T
1976-04-18,5.50
1976-04-19,1.03
1976-04-20,0.30T
1976-04-21,0.00
1976-04-22,4.46
1976-04-23,4.46
1976-04-24,0.30T
1976-04-25,0.00
1976-04-26,1.76
1976-04-27,0.30T
1976-04-28,0.00
1976-04-29,0.00
1976-04-30,0.30T
1976-04-31,-9999.99M
1976-05-01,0.00
1976-05-02,6.02
1976-05-03,0.51
1976-05-04,0.30T
1976-05-05,0.51
1976-05-06,0.30T
1976-05-07,1.24
1976-05-08,8.41
1976-05-09,0.00
1976-05-10,0.00
1976-05-11,0.00
1976-05-12,3.63
1976-05-13,0.30T
1976-05-14,7.37
1976-05-15,11.85
1976-05-16,0.00
1976-05-17,0.00
1976-05-18,5.50
1976-05-19,3.94
1976-05-20,9.14
1976-05-21,2.07
1976-05-22,27.45
1976-05-23,16.84
1976-05-24,7.06
1976-05-25,0.51
1976-05-26,0.00
1976-05-27,0.30T
1976-05-28,0.00
1976-05-29,0.00
1976-05-30,0.00
1976-05-31,1.76
1976-06-01,0.51
1976-06-02,0.00
1976-06-03,0.00
1976-06-04,0.00
1976-06-05,0.00
1976-06-06,0.00
1976-06-07,0.00
1976-06-08,0.30T
1976-06-09,0.00
1976-06-10,2.80
1976-06-11,36.70
1976-06-12,3.63
1976-06-13,0.30T
1976-06-14,0.51
1976-06-15,0.00
1976-06-16,12.05
1976-06-17,0.30T
1976-06-18,0.00
1976-06-19,0.00
1976-06-20,0.30T
1976-06-21,0.30T
1976-06-22,0.00
1976-06-23,0.00
1976-06-24,0.00
1976-06-25,0.30T
1976-06-26,0.00
1976-06-27,0.00
1976-06-28,2.80
1976-06-29,1.55
1976-06-30,0.72
1976-06-31,-9999.99M
1976-07-01,2.80
1976-07-02,1.55
1976-07-03,0.00
1976-07-04,0.00
1976-07-05,0.00
1976-07-06,0.00
1976-07-07,0.00
1976-07-08,1.24
1976-07-09,0.00
1976-07-10,0.00
1976-07-11,0.00
1976-07-12,6.85
1976-07-13,9.45
1976-07-14,6.54
1976-07-15,0.00
1976-07-16,0.00
1976-07-17,6.02
1976-07-18,3.94
1976-07-19,0.00
1976-07-20,0.30T
1976-07-21,1.55
1976-07-22,0.00
1976-07-23,0.00
1976-07-24,15.80
1976-07-25,0.30T
1976-07-26,0.00
1976-07-27,3.94
1976-07-28,12.89
1976-07-29,0.00
1976-07-30,0.00
1976-07-31,8.10
1976-08-01,14.45
1976-08-02,0.30T
1976-08-03,0.00
1976-08-04,0.00
1976-08-05,12.57
1976-08-06,6.54
1976-08-07,0.00
1976-08-08,0.30T
1976-08-09,10.29
1976-08-10,44.09
1976-08-11,7.89
1976-08-12,0.00
1976-08-13,0.72
1976-08-14,6.85
1976-08-15,3.63
1976-08-16,5.71
1976-08-17,0.30T
1976-08-18,0.00
1976-08-19,0.00
1976-08-20,0.00
1976-08-21,0.00
1976-08-22,0.30T
1976-08-23,0.30T
1976-08-24,0.51
1976-08-25,0.00
1976-08-26,0.00
1976-08-27,0.30T
1976-08-28,0.00
1976-08-29,37.43
1976-08-30,3.11
1976-08-31,0.00
1976-09-01,8.41
1976-09-02,0.30T
1976-09-03,0.30T
1976-09-04,0.30T
1976-09-05,1.55
1976-09-06,0.51
1976-09-07,0.30T
1976-09-08,0.00
1976-09-09,0.00
1976-09-10,0.00
1976-09-11,14.45
1976-09-12,0.72
1976-09-13,0.00
1976-09-14,0.30T
1976-09-15,0.30T
1976-09-16,0.00
1976-09-17,0.00
1976-09-18,0.51
1976-09-19,3.11
1976-09-20,1.03
1976-09-21,2.80
1976-09-22,0.30T
1976-09-23,0.51
1976-09-24,0.51
1976-09-25,0.00
1976-09-26,0.30T
1976-09-27,7.58
1976-09-28,1.76
1976-09-29,0.30T
1976-09-30,0.00
1976-09-31,-9999.99M
1976-10-01,0.00
1976-10-02,0.30T
1976-10-03,0.00
1976-10-04,0.00
1976-10-05,0.00
1976-10-06,0.00
1976-10-07,0.30T
1976-10-08,19.00
1976-10-09,38.99
1976-10-10,0.30T
1976-10-11,0.00
1976-10-12,0.30T
1976-10-13,3.19
1976-10-14,7.37
1976-10-15,0.44
1976-10-16,0.44
1976-10-17,0.00
1976-10-18,1.97
1976-10-19,0.00
1976-10-20,2.17
1976-10-21,52.46
1976-10-22,1.46
1976-10-23,0.00
1976-10-24,0.00
1976-10-25,0.00
1976-10-26,0.00
1976-10-27,0.00
1976-10-28,0.00
1976-10-29,0.00
1976-10-30,0.00
1976-10-31,20.33
1976-11-01,0.95
1976-11-02,0.00
1976-11-03,0.00
1976-11-04,20.84
1976-11-05,12.58
1976-11-06,4.31
1976-11-07,0.30T
1976-11-08,0.00
1976-11-09,0.00
1976-11-10,0.00
1976-11-11,0.00
1976-11-12,0.00
1976-11-13,0.00
1976-11-14,0.00
1976-11-15,0.00
1976-11-16,0.00
1976-11-17,0.00
1976-11-18,0.00
1976-11-19,0.00
1976-11-20,0.00
1976-11-21,0.00
1976-11-22,0.00
1976-11-23,0.00
1976-11-24,0.00
1976-11-25,0.00
1976-11-26,0.00
1976-11-27,13.39
1976-11-28,0.00
1976-11-29,0.00
1976-11-30,0.00
1976-11-31,-9999.99M
1976-12-01,0.00
1976-12-02,0.00
1976-12-03,0.00
1976-12-04,0.00
1976-12-05,0.00
1976-12-06,0.00
1976-12-07,1.66
1976-12-08,0.00
1976-12-09,0.00
1976-12-10,0.00
1976-12-11,0.00
1976-12-12,0.00
1976-12-13,0.00
1976-12-14,0.00
1976-12-15,0.00
1976-12-16,0.00
1976-12-17,0.00
1976-12-18,0.00
1976-12-19,0.00
1976-12-20,0.00
1976-12-21,3.19
1976-12-22,0.00
1976-12-23,0.00
1976-12-24,0.00
1976-12-25,0.00
1976-12-26,6.66
1976-12-27,10.03
1976-12-28,0.00
1976-12-29,0.00
1976-12-30,0.00
1976-12-31,0.00
1977-01-01,0.00
1977-01-02,0.00
1977-01-03,0.00
1977-01-04,0.00
1977-01-05,0.00
1977-01-06,0.00
1977-01-07,0.00
1977-01-08,0.00
1977-01-09,0.00
1977-01-10,0.00
1977-01-11,0.00
1977-01-12,0.00
1977-01-13,0.00
1977-01-14,0.00
1977-01-15,0.00
1977-01-16,0.00
1977-01-17,0.00
1977-01-18,0.00
1977-01-19,0.00
1977-01-20,0.00
1977-01-21,0.00
1977-01-22,0.00
1977-01-23,0.00
1977-01-24,0.00
1977-01-25,0.30T
1977-01-26,0.64
1977-01-27,0.00
1977-01-28,0.00
1977-01-29,0.30T
1977-01-30,0.00
1977-01-31,0.00
1977-02-01,0.00
1977-02-02,0.00
1977-02-03,0.00
1977-02-04,0.00
1977-02-05,0.00
1977-02-06,0.00
1977-02-07,0.00
1977-02-08,0.00
1977-02-09,0.00
1977-02-10,0.00
1977-02-11,0.00
1977-02-12,0.00
1977-02-13,0.00
1977-02-14,0.00
1977-02-15,0.00
1977-02-16,0.00
1977-02-17,0.00
1977-02-18,0.00
1977-02-19,0.00
1977-02-20,0.00
1977-02-21,0.00
1977-02-22,0.00
1977-02-23,0.00
1977-02-24,0.00
1977-02-25,0.00
1977-02-26,0.00
1977-02-27,0.00
1977-02-28,9.72
1977-02-29,-9999.99M
1977-02-30,-9999.99M
1977-02-31,-9999.99M
1977-03-01,0.00
1977-03-02,0.00
1977-03-03,0.00
1977-03-04,0.00
1977-03-05,0.30T
1977-03-06,0.00
1977-03-07,0.00
1977-03-08,0.00
1977-03-09,0.44
1977-03-10,0.00
1977-03-11,0.00
1977-03-12,0.00
1977-03-13,0.00
1977-03-14,1.15
1977-03-15,0.00
1977-03-16,0.30T
1977-03-17,0.00
1977-03-18,0.00
1977-03-19,0.00
1977-03-20,0.00
1977-03-21,0.00
1977-03-22,0.00
1977-03-23,0.00
1977-03-24,0.00
1977-03-25,0.54
1977-03-26,0.30T
1977-03-27,0.00
1977-03-28,0.00
1977-03-29,2.48
1977-03-30,2.38
1977-03-31,17.17
1977-04-01,0.00
1977-04-02,0.00
1977-04-03,0.00
1977-04-04,0.00
1977-04-05,12.47
1977-04-06,0.30T
1977-04-07,0.00
1977-04-08,0.00
1977-04-09,0.00
1977-04-10,0.00
1977-04-11,0.00
1977-04-12,0.00
1977-04-13,0.30T
1977-04-14,0.00
1977-04-15,0.00
1977-04-16,0.00
1977-04-17,0.00
1977-04-18,0.00
1977-04-19,0.00
1977-04-20,0.00
1977-04-21,0.00
1977-04-22,0.30T
1977-04-23,0.00
1977-04-24,0.00
1977-04-25,0.30T
1977-04-26,0.44
1977-04-27,0.00
1977-04-28,3.19
1977-04-29,0.00
1977-04-30,0.00
1977-04-31,-9999.99M
1977-05-01,0.00
1977-05-02,4.72
1977-05-03,0.00
1977-05-04,0.00
1977-05-05,0.00
1977-05-06,25.02
1977-05-07,2.78
1977-05-08,0.30T
1977-05-09,0.00
1977-05-10,5.74
1977-05-11,0.44
1977-05-12,1.97
1977-05-13,15.74
1977-05-14,0.30T
1977-05-15,0.00
1977-05-16,1.25
1977-05-17,2.38
1977-05-18,0.00
1977-05-19,0.00
1977-05-20,0.00
1977-05-21,0.00
1977-05-22,0.74
1977-05-23,0.30T
1977-05-24,0.30T
1977-05-25,4.21
1977-05-26,0.00
1977-05-27,0.00
1977-05-28,0.00
1977-05-29,0.30T
1977-05-30,0.30T
1977-05-31,0.00
1977-06-01,0.00
1977-06-02,2.68
1977-06-03,14.62
1977-06-04,15.74
1977-06-05,11.96
1977-06-06,12.17
1977-06-07,40.93
1977-06-08,21.35
1977-06-09,0.30T
1977-06-10,0.30T
1977-06-11,14.51
1977-06-12,4.21
1977-06-13,11.25
1977-06-14,4.42
1977-06-15,2.78
1977-06-16,0.00
1977-06-17,0.64
1977-06-18,0.44
1977-06-19,0.30T
1977-06-20,0.30T
1977-06-21,4.31
1977-06-22,0.44
1977-06-23,0.00
1977-06-24,7.88
1977-06-25,2.38
1977-06-26,9.92
1977-06-27,0.30T
1977-06-28,0.44
1977-06-29,10.43
1977-06-30,4.42
1977-06-31,-9999.99M
1977-07-01,0.30T
1977-07-02,0.54
1977-07-03,1.97
1977-07-04,0.30T
1977-07-05,0.00
1977-07-06,0.00
1977-07-07,0.00
1977-07-08,0.00
1977-07-09,0.00
1977-07-10,0.00
1977-07-11,0.00
1977-07-12,0.00
1977-07-13,0.54
1977-07-14,0.00
1977-07-15,0.00
1977-07-16,0.00
1977-07-17,4.62
1977-07-18,0.00
1977-07-19,4.42
1977-07-20,20.94
1977-07-21,0.30T
1977-07-22,0.00
1977-07-23,0.00
1977-07-24,0.30T
1977-07-25,2.68
1977-07-26,4.52
1977-07-27,1.76
1977-07-28,0.00
1977-07-29,0.00
1977-07-30,8.60
1977-07-31,0.30T
1977-08-01,0.30T
1977-08-02,12.37
1977-08-03,16.76
1977-08-04,6.05
1977-08-05,2.58
1977-08-06,1.36
1977-08-07,0.00
1977-08-08,2.89
1977-08-09,0.00
1977-08-10,0.00
1977-08-11,0.30T
1977-08-12,2.27
1977-08-13,0.00
1977-08-14,15.64
1977-08-15,0.30T
1977-08-16,0.00
1977-08-17,18.08
1977-08-18,4.01
1977-08-19,0.00
1977-08-20,2.17
1977-08-21,1.15
1977-08-22,7.99
1977-08-23,2.17
1977-08-24,6.66
1977-08-25,0.54
1977-08-26,0.30T
1977-08-27,0.00
1977-08-28,0.00
1977-08-29,2.38
1977-08-30,0.00
1977-08-31,0.00
1977-09-01,0.00
1977-09-02,0.00
1977-09-03,0.00
1977-09-04,0.54
1977-09-05,12.27
1977-09-06,2.07
1977-09-07,0.00
1977-09-08,0.00
1977-09-09,0.30T
1977-09-10,3.40
1977-09-11,0.30T
1977-09-12,0.00
1977-09-13,0.30T
1977-09-14,30.53
1977-09-15,0.00
1977-09-16,0.44
1977-09-17,0.00
1977-09-18,0.00
1977-09-19,0.00
1977-09-20,0.00
1977-09-21,0.00
1977-09-22,3.70
1977-09-23,0.54
1977-09-24,0.54
1977-09-25,0.00
1977-09-26,27.57
1977-09-27,9.31
1977-09-28,1.97
1977-09-29,0.85
1977-09-30,5.64
1977-09-31,-9999.99M
1977-10-01,7.58
1977-10-02,47.36
1977-10-03,22.47
1977-10-04,3.40
1977-10-05,0.00
1977-10-06,1.56
1977-10-07,0.00
1977-10-08,0.00
1977-10-09,14.31
1977-10-10,4.42
1977-10-11,0.00
1977-10-12,6.05
1977-10-13,0.00
1977-10-14,3.29
1977-10-15,18.70
1977-10-16,0.00
1977-10-17,18.29
1977-10-18,4.82
1977-10-19,0.00
1977-10-20,15.74
1977-10-21,0.00
1977-10-22,4.42
1977-10-23,0.00
1977-10-24,0.00
1977-10-25,0.00
1977-10-26,5.64
1977-10-27,0.74
1977-10-28,2.99
1977-10-29,0.00
1977-10-30,0.00
1977-10-31,0.00
1977-11-01,0.00
1977-11-02,0.00
1977-11-03,0.00
1977-11-04,0.74
1977-11-05,0.00
1977-11-06,0.00
1977-11-07,0.00
1977-11-08,0.00
1977-11-09,0.34
1977-11-10,0.44
1977-11-11,3.60
1977-11-12,0.00
1977-11-13,3.80
1977-11-14,0.00
1977-11-15,0.00
1977-11-16,0.30T
1977-11-17,9.11
1977-11-18,3.60
1977-11-19,0.00
1977-11-20,0.00
1977-11-21,1.05
1977-11-22,0.44
1977-11-23,0.00
1977-11-24,0.00
1977-11-25,0.00
1977-11-26,10.74
1977-11-27,0.00
1977-11-28,0.00
1977-11-29,0.00
1977-11-30,0.00
1977-11-31,-9999.99M
1977-12-01,0.00
1977-12-02,1.66
1977-12-03,0.00
1977-12-04,0.00
1977-12-05,0.00
1977-12-06,0.00
1977-12-07,0.00
1977-12-08,0.00
1977-12-09,0.00
1977-12-10,0.00
1977-12-11,0.00
1977-12-12,0.00
1977-12-13,0.00
1977-12-14,0.00
1977-12-15,0.00
1977-12-16,0.00
1977-12-17,0.00
1977-12-18,0.30T
1977-12-19,0.00
1977-12-20,0.00
1977-12-21,0.00
1977-12-22,4.52
1977-12-23,0.00
1977-12-24,0.00
1977-12-25,13.80
1977-12-26,0.30T
1977-12-27,0.00
1977-12-28,0.00
1977-12-29,0.00
1977-12-30,0.00
1977-12-31,0.00
1978-01-01,0.00
1978-01-02,0.00
1978-01-03,0.00
1978-01-04,0.00
1978-01-05,0.00
1978-01-06,0.00
1978-01-07,0.00
1978-01-08,0.00
1978-01-09,5.44
1978-01-10,0.00
1978-01-11,0.00
1978-01-12,0.00
1978-01-13,0.00
1978-01-14,0.00
1978-01-15,0.30T
1978-01-16,0.00
1978-01-17,0.00
1978-01-18,0.00
1978-01-19,0.00
1978-01-20,0.00
1978-01-21,0.00
1978-01-22,0.00
1978-01-23,0.00
1978-01-24,0.00
1978-01-25,0.00
1978-01-26,11.56
1978-01-27,0.00
1978-01-28,0.00
1978-01-29,0.00
1978-01-30,0.00
1978-01-31,0.00
1978-02-01,0.00
1978-02-02,0.00
1978-02-03,0.00
1978-02-04,0.00
1978-02-05,0.00
1978-02-06,0.00
1978-02-07,0.00
1978-02-08,0.00
1978-02-09,0.00
1978-02-10,0.00
1978-02-11,0.00
1978-02-12,0.00
1978-02-13,0.00
1978-02-14,1.46
1978-02-15,0.00
1978-02-16,0.00
1978-02-17,0.00
1978-02-18,0.00
1978-02-19,0.00
1978-02-20,0.00
1978-02-21,0.00
1978-02-22,0.00
1978-02-23,0.00
1978-02-24,0.00
1978-02-25,0.00
1978-02-26,0.00
1978-02-27,0.00
1978-02-28,0.00
1978-02-29,-9999.99M
1978-02-30,-9999.99M
1978-02-31,-9999.99M
1978-03-01,0.00
1978-03-02,0.00
1978-03-03,0.00
1978-03-04,0.00
1978-03-05,0.00
1978-03-06,0.00
1978-03-07,0.00
1978-03-08,0.00
1978-03-09,0.00
1978-03-10,0.00
1978-03-11,0.00
1978-03-12,0.00
1978-03-13,0.00
1978-03-14,0.00
1978-03-15,0.30T
1978-03-16,0.00
1978-03-17,0.00
1978-03-18,0.00
1978-03-19,0.00
1978-03-20,0.00
1978-03-21,0.00
1978-03-22,0.00
1978-03-23,0.00
1978-03-24,0.00
1978-03-25,0.00
1978-03-26,0.00
1978-03-27,0.30T
1978-03-28,0.30T
1978-03-29,0.00
1978-03-30,0.00
1978-03-31,0.00
1978-04-01,0.00
1978-04-02,0.00
1978-04-03,0.00
1978-04-04,0.00
1978-04-05,0.00
1978-04-06,0.00
1978-04-07,0.00
1978-04-08,0.30T
1978-04-09,0.00
1978-04-10,0.00
1978-04-11,0.00
1978-04-12,0.00
1978-04-13,0.30T
1978-04-14,0.30T
1978-04-15,0.30T
1978-04-16,0.00
1978-04-17,0.00
1978-04-18,0.00
1978-04-19,0.00
1978-04-20,4.42
1978-04-21,6.97
1978-04-22,0.00
1978-04-23,0.34
1978-04-24,0.44
1978-04-25,0.00
1978-04-26,0.00
1978-04-27,0.00
1978-04-28,0.00
1978-04-29,0.00
1978-04-30,0.30T
1978-04-31,-9999.99M
1978-05-01,0.30T
1978-05-02,0.30T
1978-05-03,0.30T
1978-05-04,0.00
1978-05-05,0.00
1978-05-06,0.00
1978-05-07,0.00
1978-05-08,0.00
1978-05-09,3.60
1978-05-10,0.30T
1978-05-11,0.00
1978-05-12,0.00
1978-05-13,0.30T
1978-05-14,0.34
1978-05-15,0.00
1978-05-16,0.00
1978-05-17,0.30T
1978-05-18,0.00
1978-05-19,0.85
1978-05-20,9.11
1978-05-21,13.80
1978-05-22,0.00
1978-05-23,0.00
1978-05-24,0.00
1978-05-25,0.00
1978-05-26,0.00
1978-05-27,0.00
1978-05-28,0.00
1978-05-29,1.15
1978-05-30,0.00
1978-05-31,8.09
1978-06-01,2.38
1978-06-02,0.64
1978-06-03,0.00
1978-06-04,0.00
1978-06-05,7.88
1978-06-06,4.42
1978-06-07,0.00
1978-06-08,16.04
1978-06-09,7.88
1978-06-10,0.30T
1978-06-11,0.30T
1978-06-12,0.00
1978-06-13,0.00
1978-06-14,0.34
1978-06-15,0.85
1978-06-16,0.00
1978-06-17,0.00
1978-06-18,2.58
1978-06-19,0.30T
1978-06-20,1.56
1978-06-21,0.30T
1978-06-22,8.70
1978-06-23,0.00
1978-06-24,13.70
1978-06-25,4.21
1978-06-26,0.30T
1978-06-27,12.68
1978-06-28,0.54
1978-06-29,0.00
1978-06-30,1.25
1978-06-31,-9999.99M
1978-07-01,17.27
1978-07-02,0.30T
1978-07-03,0.00
1978-07-04,0.00
1978-07-05,0.00
1978-07-06,1.46
1978-07-07,13.70
1978-07-08,10.94
1978-07-09,0.30T
1978-07-10,7.07
1978-07-11,0.00
1978-07-12,0.30T
1978-07-13,0.00
1978-07-14,0.30T
1978-07-15,6.66
1978-07-16,6.15
1978-07-17,0.34
1978-07-18,0.00
1978-07-19,0.30T
1978-07-20,6.76
1978-07-21,0.00
1978-07-22,0.00
1978-07-23,25.12
1978-07-24,0.30T
1978-07-25,0.00
1978-07-26,4.21
1978-07-27,0.30T
1978-07-28,3.29
1978-07-29,0.64
1978-07-30,0.30T
1978-07-31,0.00
1978-08-01,0.54
1978-08-02,0.00
1978-08-03,0.30T
1978-08-04,8.50
1978-08-05,0.00
1978-08-06,1.56
1978-08-07,0.00
1978-08-08,0.00
1978-08-09,12.78
1978-08-10,0.00
1978-08-11,0.00
1978-08-12,0.00
1978-08-13,0.00
1978-08-14,0.00
1978-08-15,0.00
1978-08-16,2.17
1978-08-17,9.52
1978-08-18,0.00
1978-08-19,0.00
1978-08-20,0.54
1978-08-21,0.00
1978-08-22,0.00
1978-08-23,0.30T
1978-08-24,0.00
1978-08-25,0.00
1978-08-26,1.15
1978-08-27,0.00
1978-08-28,8.39
1978-08-29,18.49
1978-08-30,0.00
1978-08-31,0.00
1978-09-01,0.00
1978-09-02,1.15
1978-09-03,0.30T
1978-09-04,2.17
1978-09-05,0.44
1978-09-06,6.05
1978-09-07,3.91
1978-09-08,2.07
1978-09-09,7.88
1978-09-10,0.00
1978-09-11,6.25
1978-09-12,0.95
1978-09-13,0.00
1978-09-14,0.00
1978-09-15,4.21
1978-09-16,0.30T
1978-09-17,0.00
1978-09-18,0.00
1978-09-19,0.00
1978-09-20,0.00
1978-09-21,1.46
1978-09-22,0.00
1978-09-23,0.00
1978-09-24,0.00
1978-09-25,0.74
1978-09-26,0.00
1978-09-27,0.30T
1978-09-28,1.56
1978-09-29,0.00
1978-09-30,0.30T
1978-09-31,-9999.99M
1978-10-01,2.07
1978-10-02,1.05
1978-10-03,0.00
1978-10-04,0.00
1978-10-05,4.52
1978-10-06,14.21
1978-10-07,0.00
1978-10-08,0.00
1978-10-09,0.95
1978-10-10,1.46
1978-10-11,0.00
1978-10-12,0.00
1978-10-13,6.15
1978-10-14,13.60
1978-10-15,3.19
1978-10-16,0.00
1978-10-17,0.00
1978-10-18,0.30T
1978-10-19,0.95
1978-10-20,0.30T
1978-10-21,1.97
1978-10-22,0.54
1978-10-23,0.54
1978-10-24,0.00
1978-10-25,1.97
1978-10-26,4.21
1978-10-27,1.87
1978-10-28,2.38
1978-10-29,2.48
1978-10-30,0.00
1978-10-31,0.30T
1978-11-01,0.00
1978-11-02,0.30T
1978-11-03,0.00
1978-11-04,0.30T
1978-11-05,0.00
1978-11-06,0.30T
1978-11-07,1.56
1978-11-08,0.00
1978-11-09,0.30T
1978-11-10,0.00
1978-11-11,0.34
1978-11-12,0.00
1978-11-13,0.00
1978-11-14,13.09
1978-11-15,0.30T
1978-11-16,0.00
1978-11-17,6.56
1978-11-18,36.24
1978-11-19,0.00
1978-11-20,0.00
1978-11-21,0.00
1978-11-22,0.00
1978-11-23,0.00
1978-11-24,0.00
1978-11-25,0.00
1978-11-26,0.00
1978-11-27,0.00
1978-11-28,0.00
1978-11-29,0.00
1978-11-30,0.30T
1978-11-31,-9999.99M
1978-12-01,0.00
1978-12-02,0.00
1978-12-03,0.00
1978-12-04,0.30T
1978-12-05,0.30T
1978-12-06,0.00
1978-12-07,0.00
1978-12-08,0.00
1978-12-09,0.00
1978-12-10,0.00
1978-12-11,0.00
1978-12-12,0.00
1978-12-13,0.00
1978-12-14,0.00
1978-12-15,0.00
1978-12-16,0.00
1978-12-17,1.05
1978-12-18,0.00
1978-12-19,0.00
1978-12-20,0.00
1978-12-21,0.00
1978-12-22,0.00
1978-12-23,0.00
1978-12-24,0.00
1978-12-25,0.00
1978-12-26,0.00
1978-12-27,0.00
1978-12-28,0.00
1978-12-29,0.00
1978-12-30,0.00
1978-12-31,0.00
1979-01-01,3.29
1979-01-02,10.74
1979-01-03,0.95
1979-01-04,0.00
1979-01-05,0.00
1979-01-06,0.00
1979-01-07,0.00
1979-01-08,0.00
1979-01-09,0.00
1979-01-10,0.00
1979-01-11,0.00
1979-01-12,0.00
1979-01-13,0.00
1979-01-14,0.30T
1979-01-15,0.00
1979-01-16,0.00
1979-01-17,0.00
1979-01-18,0.00
1979-01-19,0.00
1979-01-20,0.00
1979-01-21,0.00
1979-01-22,0.95
1979-01-23,0.00
1979-01-24,0.00
1979-01-25,0.64
1979-01-26,28.90
1979-01-27,9.72
1979-01-28,12.37
1979-01-29,6.46
1979-01-30,5.44
1979-01-31,1.15
1979-02-01,4.82
1979-02-02,2.99
1979-02-03,0.00
1979-02-04,0.00
1979-02-05,0.00
1979-02-06,0.00
1979-02-07,0.00
1979-02-08,0.00
1979-02-09,0.00
1979-02-10,0.00
1979-02-11,0.00
1979-02-12,0.00
1979-02-13,0.00
1979-02-14,0.00
1979-02-15,0.00
1979-02-16,0.00
1979-02-17,0.00
1979-02-18,0.00
1979-02-19,0.00
1979-02-20,0.00
1979-02-21,0.00
1979-02-22,0.00
1979-02-23,0.00
1979-02-24,0.00
1979-02-25,0.00
1979-02-26,0.00
1979-02-27,2.38
1979-02-28,0.30T
1979-02-29,-9999.99M
1979-02-30,-9999.99M
1979-02-31,-9999.99M
1979-03-01,0.00
1979-03-02,0.00
1979-03-03,0.00
1979-03-04,4.11
1979-03-05,11.45
1979-03-06,7.99
1979-03-07,5.44
1979-03-08,2.78
1979-03-09,0.00
1979-03-10,0.00
1979-03-11,0.00
1979-03-12,0.00
1979-03-13,0.00
1979-03-14,6.35
1979-03-15,0.00
1979-03-16,0.00
1979-03-17,0.00
1979-03-18,0.00
1979-03-19,0.00
1979-03-20,4.72
1979-03-21,0.00
1979-03-22,0.00
1979-03-23,0.00
1979-03-24,0.00
1979-03-25,2.99
1979-03-26,8.39
1979-03-27,0.00
1979-03-28,0.00
1979-03-29,2.17
1979-03-30,0.00
1979-03-31,3.70
1979-04-01,0.00
1979-04-02,0.00
1979-04-03,0.54
1979-04-04,0.00
1979-04-05,0.00
1979-04-06,0.00
1979-04-07,0.00
1979-04-08,0.00
1979-04-09,0.00
1979-04-10,24.41
1979-04-11,0.00
1979-04-12,0.00
1979-04-13,0.00
1979-04-14,0.30T
1979-04-15,0.30T
1979-04-16,0.00
1979-04-17,0.00
1979-04-18,0.00
1979-04-19,0.30T
1979-04-20,0.00
1979-04-21,0.00
1979-04-22,0.30T
1979-04-23,1.05
1979-04-24,0.00
1979-04-25,0.00
1979-04-26,0.30T
1979-04-27,3.80
1979-04-28,17.57
1979-04-29,18.29
1979-04-30,29.61
1979-04-31,-9999.99M
1979-05-01,36.55
1979-05-02,14.11
1979-05-03,2.58
1979-05-04,3.80
1979-05-05,1.97
1979-05-06,0.00
1979-05-07,0.00
1979-05-08,0.00
1979-05-09,3.29
1979-05-10,0.00
1979-05-11,0.00
1979-05-12,0.30T
1979-05-13,1.97
1979-05-14,0.44
1979-05-15,5.03
1979-05-16,5.33
1979-05-17,0.00
1979-05-18,0.00
1979-05-19,0.00
1979-05-20,0.00
1979-05-21,19.00
1979-05-22,1.15
1979-05-23,0.00
1979-05-24,0.00
1979-05-25,12.68
1979-05-26,6.66
1979-05-27,13.60
1979-05-28,0.44
1979-05-29,5.54
1979-05-30,1.46
1979-05-31,29.00
1979-06-01,0.74
1979-06-02,0.00
1979-06-03,11.56
1979-06-04,0.00
1979-06-05,0.30T
1979-06-06,2.27
1979-06-07,0.00
1979-06-08,0.30T
1979-06-09,2.38
1979-06-10,1.97
1979-06-11,0.64
1979-06-12,20.43
1979-06-13,0.44
1979-06-14,0.95
1979-06-15,6.35
1979-06-16,1.25
1979-06-17,4.21
1979-06-18,4.31
1979-06-19,0.00
1979-06-20,0.00
1979-06-21,0.00
1979-06-22,6.35
1979-06-23,0.00
1979-06-24,3.50
1979-06-25,0.30T
1979-06-26,0.00
1979-06-27,1.87
1979-06-28,0.00
1979-06-29,5.54
1979-06-30,0.30T
1979-06-31,-9999.99M
1979-07-01,17.06
1979-07-02,14.62
1979-07-03,9.31
1979-07-04,0.00
1979-07-05,1.76
1979-07-06,0.30T
1979-07-07,0.00
1979-07-08,4.31
1979-07-09,0.00
1979-07-10,0.00
1979-07-11,45.11
1979-07-12,0.00
1979-07-13,0.00
1979-07-14,0.00
1979-07-15,0.00
1979-07-16,4.31
1979-07-17,1.76
1979-07-18,0.00
1979-07-19,0.00
1979-07-20,0.44
1979-07-21,0.00
1979-07-22,0.74
1979-07-23,0.00
1979-07-24,0.00
1979-07-25,0.00
1979-07-26,1.15
1979-07-27,0.95
1979-07-28,0.30T
1979-07-29,6.86
1979-07-30,0.00
1979-07-31,0.00
1979-08-01,0.00
1979-08-02,0.00
1979-08-03,1.36
1979-08-04,0.00
1979-08-05,1.36
1979-08-06,0.85
1979-08-07,0.30T
1979-08-08,0.95
1979-08-09,0.00
1979-08-10,0.00
1979-08-11,0.00
1979-08-12,0.00
1979-08-13,59.80
1979-08-14,2.17
1979-08-15,5.64
1979-08-16,0.30T
1979-08-17,0.54
1979-08-18,0.54
1979-08-19,4.01
1979-08-20,9.52
1979-08-21,4.11
1979-08-22,0.54
1979-08-23,0.00
1979-08-24,15.33
1979-08-25,4.42
1979-08-26,0.00
1979-08-27,0.00
1979-08-28,0.00
1979-08-29,6.46
1979-08-30,0.54
1979-08-31,0.00
1979-09-01,0.30T
1979-09-02,0.30T
1979-09-03,7.37
1979-09-04,0.00
1979-09-05,0.00
1979-09-06,65.11
1979-09-07,10.33
1979-09-08,0.00
1979-09-09,0.00
1979-09-10,12.98
1979-09-11,11.35
1979-09-12,0.00
1979-09-13,0.00
1979-09-14,46.03
1979-09-15,0.00
1979-09-16,0.00
1979-09-17,0.30T
1979-09-18,0.00
1979-09-19,3.09
1979-09-20,0.44
1979-09-21,2.48
1979-09-22,0.74
1979-09-23,0.00
1979-09-24,0.00
1979-09-25,0.00
1979-09-26,2.38
1979-09-27,0.00
1979-09-28,0.00
1979-09-29,15.13
1979-09-30,0.30T
1979-09-31,-9999.99M
1979-10-01,0.30T
1979-10-02,0.00
1979-10-03,0.30T
1979-10-04,0.54
1979-10-05,0.30T
1979-10-06,9.31
1979-10-07,0.64
1979-10-08,25.84
1979-10-09,0.00
1979-10-10,0.00
1979-10-11,0.00
1979-10-12,0.00
1979-10-13,8.19
1979-10-14,0.30T
1979-10-15,0.30T
1979-10-16,0.00
1979-10-17,0.30T
1979-10-18,0.00
1979-10-19,0.00
1979-10-20,10.33
1979-10-21,0.30T
1979-10-22,0.30T
1979-10-23,0.00
1979-10-24,0.30T
1979-10-25,2.17
1979-10-26,0.00
1979-10-27,0.00
1979-10-28,1.36
1979-10-29,15.94
1979-10-30,0.00
1979-10-31,0.00
1979-11-01,0.00
1979-11-02,2.38
1979-11-03,24.31
1979-11-04,0.00
1979-11-05,0.00
1979-11-06,0.00
1979-11-07,0.30T
1979-11-08,0.00
1979-11-09,0.30T
1979-11-10,12.98
1979-11-11,0.00
1979-11-12,0.00
1979-11-13,0.00
1979-11-14,1.97
1979-11-15,0.00
1979-11-16,0.00
1979-11-17,0.00
1979-11-18,0.00
1979-11-19,0.00
1979-11-20,0.00
1979-11-21,0.54
1979-11-22,0.30T
1979-11-23,0.34
1979-11-24,1.15
1979-11-25,0.30T
1979-11-26,6.66
1979-11-27,7.88
1979-11-28,1.56
1979-11-29,0.00
1979-11-30,0.00
1979-11-31,-9999.99M
1979-12-01,0.00
1979-12-02,0.00
1979-12-03,0.00
1979-12-04,0.00
1979-12-05,0.00
1979-12-06,0.30T
1979-12-07,6.86
1979-12-08,0.00
1979-12-09,0.00
1979-12-10,0.00
1979-12-11,0.95
1979-12-12,4.82
1979-12-13,0.00
1979-12-14,0.00
1979-12-15,0.00
1979-12-16,2.38
1979-12-17,1.97
1979-12-18,0.00
1979-12-19,0.00
1979-12-20,0.00
1979-12-21,0.00
1979-12-22,0.00
1979-12-23,0.00
1979-12-24,0.00
1979-12-25,0.00
1979-12-26,0.30T
1979-12-27,0.00
1979-12-28,0.00
1979-12-29,0.00
1979-12-30,0.00
1979-12-31,0.00
1980-01-01,0.00
1980-01-02,0.00
1980-01-03,0.00
1980-01-04,0.00
1980-01-05,0.00
1980-01-06,0.00
1980-01-07,0.00
1980-01-08,0.00
1980-01-09,0.00
1980-01-10,0.00
1980-01-11,4.82
1980-01-12,5.33
1980-01-13,0.00
1980-01-14,0.54
1980-01-15,0.00
1980-01-16,0.00
1980-01-17,0.30T
1980-01-18,4.42
1980-01-19,0.00
1980-01-20,0.00
1980-01-21,0.00
1980-01-22,0.00
1980-01-23,0.00
1980-01-24,0.00
1980-01-25,0.00
1980-01-26,0.00
1980-01-27,0.00
1980-01-28,0.00
1980-01-29,0.00
1980-01-30,0.00
1980-01-31,0.00
1980-02-01,0.00
1980-02-02,0.00
1980-02-03,0.00
1980-02-04,0.00
1980-02-05,0.00
1980-02-06,0.00
1980-02-07,0.00
1980-02-08,0.00
1980-02-09,0.00
1980-02-10,0.00
1980-02-11,0.00
1980-02-12,0.00
1980-02-13,0.00
1980-02-14,0.00
1980-02-15,0.00
1980-02-16,0.00
1980-02-17,0.00
1980-02-18,0.00
1980-02-19,0.00
1980-02-20,0.00
1980-02-21,0.00
1980-02-22,0.00
1980-02-23,0.00
1980-02-24,0.00
1980-02-25,0.00
1980-02-26,0.00
1980-02-27,0.00
1980-02-28,0.00
1980-02-29,0.00
1980-02-30,-9999.99M
1980-02-31,-9999.99M
1980-03-01,0.00
1980-03-02,0.00
1980-03-03,0.00
1980-03-04,0.00
1980-03-05,0.00
1980-03-06,0.00
1980-03-07,0.00
1980-03-08,0.00
1980-03-09,0.00
1980-03-10,0.00
1980-03-11,0.00
1980-03-12,0.00
1980-03-13,0.00
1980-03-14,0.00
1980-03-15,0.00
1980-03-16,0.00
1980-03-17,0.44
1980-03-18,26.75
1980-03-19,0.00
1980-03-20,0.00
1980-03-21,0.30T
1980-03-22,2.48
1980-03-23,0.00
1980-03-24,0.00
1980-03-25,0.30T
1980-03-26,0.00
1980-03-27,0.00
1980-03-28,0.00
1980-03-29,0.00
1980-03-30,0.00
1980-03-31,0.00
1980-04-01,0.00
1980-04-02,0.00
1980-04-03,0.00
1980-04-04,0.00
1980-04-05,0.30T
1980-04-06,0.00
1980-04-07,0.00
1980-04-08,0.00
1980-04-09,0.30T
1980-04-10,2.38
1980-04-11,15.64
1980-04-12,0.00
1980-04-13,4.62
1980-04-14,0.30T
1980-04-15,7.68
1980-04-16,0.30T
1980-04-17,0.00
1980-04-18,0.30T
1980-04-19,0.00
1980-04-20,2.58
1980-04-21,0.30T
1980-04-22,6.25
1980-04-23,98.66
1980-04-24,15.02
1980-04-25,9.41
1980-04-26,5.23
1980-04-27,2.17
1980-04-28,0.00
1980-04-29,0.00
1980-04-30,0.00
1980-04-31,-9999.99M
1980-05-01,0.00
1980-05-02,0.00
1980-05-03,0.00
1980-05-04,0.00
1980-05-05,0.00
1980-05-06,5.03
1980-05-07,7.27
1980-05-08,26.04
1980-05-09,11.15
1980-05-10,0.30T
1980-05-11,0.00
1980-05-12,0.30T
1980-05-13,3.19
1980-05-14,3.80
1980-05-15,0.54
1980-05-16,2.48
1980-05-17,0.00
1980-05-18,2.78
1980-05-19,8.90
1980-05-20,0.00
1980-05-21,0.00
1980-05-22,2.99
1980-05-23,0.00
1980-05-24,0.00
1980-05-25,0.30T
1980-05-26,6.05
1980-05-27,0.30T
1980-05-28,0.00
1980-05-29,0.00
1980-05-30,0.00
1980-05-31,0.30T
1980-06-01,3.40
1980-06-02,0.00
1980-06-03,0.30T
1980-06-04,0.30T
1980-06-05,0.00
1980-06-06,0.00
1980-06-07,0.00
1980-06-08,7.27
1980-06-09,5.64
1980-06-10,1.97
1980-06-11,0.30T
1980-06-12,0.30T
1980-06-13,0.00
1980-06-14,0.00
1980-06-15,23.29
1980-06-16,2.78
1980-06-17,0.00
1980-06-18,0.00
1980-06-19,0.00
1980-06-20,0.00
1980-06-21,14.51
1980-06-22,0.74
1980-06-23,0.00
1980-06-24,0.00
1980-06-25,0.00
1980-06-26,14.62
1980-06-27,1.05
1980-06-28,0.44
1980-06-29,0.00
1980-06-30,0.30T
1980-06-31,-9999.99M
1980-07-01,0.00
1980-07-02,1.05
1980-07-03,0.00
1980-07-04,0.00
1980-07-05,5.33
1980-07-06,72.65
1980-07-07,3.19
1980-07-08,1.56
1980-07-09,8.39
1980-07-10,0.54
1980-07-11,1.15
1980-07-12,25.33
1980-07-13,32.16
1980-07-14,2.78
1980-07-15,7.27
1980-07-16,0.00
1980-07-17,1.97
1980-07-18,0.54
1980-07-19,0.00
1980-07-20,5.64
1980-07-21,1.56
1980-07-22,1.36
1980-07-23,5.64
1980-07-24,0.54
1980-07-25,0.00
1980-07-26,1.15
1980-07-27,0.00
1980-07-28,5.13
1980-07-29,0.00
1980-07-30,25.43
1980-07-31,3.19
1980-08-01,0.00
1980-08-02,1.05
1980-08-03,11.15
1980-08-04,6.66
1980-08-05,0.00
1980-08-06,0.30T
1980-08-07,20.94
1980-08-08,7.68
1980-08-09,21.45
1980-08-10,0.00
1980-08-11,0.00
1980-08-12,4.21
1980-08-13,3.29
1980-08-14,1.56
1980-08-15,25.94
1980-08-16,18.90
1980-08-17,0.00
1980-08-18,0.00
1980-08-19,2.38
1980-08-20,0.00
1980-08-21,0.00
1980-08-22,0.00
1980-08-23,0.00
1980-08-24,0.00
1980-08-25,1.36
1980-08-26,0.00
1980-08-27,1.56
1980-08-28,0.00
1980-08-29,0.00
1980-08-30,0.00
1980-08-31,3.60
1980-09-01,4.21
1980-09-02,22.88
1980-09-03,1.76
1980-09-04,0.00
1980-09-05,0.44
1980-09-06,5.23
1980-09-07,0.30T
1980-09-08,0.00
1980-09-09,0.30T
1980-09-10,0.74
1980-09-11,5.95
1980-09-12,1.56
1980-09-13,0.00
1980-09-14,8.19
1980-09-15,0.54
1980-09-16,0.00
1980-09-17,2.17
1980-09-18,1.76
1980-09-19,0.30T
1980-09-20,10.33
1980-09-21,4.82
1980-09-22,15.64
1980-09-23,5.13
1980-09-24,0.00
1980-09-25,0.00
1980-09-26,37.06
1980-09-27,1.15
1980-09-28,3.60
1980-09-29,0.30T
1980-09-30,2.68
1980-09-31,-9999.99M
1980-10-01,1.05
1980-10-02,2.78
1980-10-03,1.56
1980-10-04,29.20
1980-10-05,0.00
1980-10-06,0.34
1980-10-07,0.74
1980-10-08,0.95
1980-10-09,4.62
1980-10-10,0.00
1980-10-11,15.23
1980-10-12,16.04
1980-10-13,0.00
1980-10-14,0.30T
1980-10-15,0.00
1980-10-16,0.00
1980-10-17,0.00
1980-10-18,2.78
1980-10-19,0.00
1980-10-20,0.00
1980-10-21,0.00
1980-10-22,0.00
1980-10-23,0.00
1980-10-24,0.00
1980-10-25,0.00
1980-10-26,18.08
1980-10-27,0.00
1980-10-28,0.00
1980-10-29,0.00
1980-10-30,0.30T
1980-10-31,0.30T
1980-11-01,0.00
1980-11-02,0.00
1980-11-03,0.00
1980-11-04,0.95
1980-11-05,1.36
1980-11-06,0.00
1980-11-07,0.00
1980-11-08,13.29
1980-11-09,0.00
1980-11-10,0.00
1980-11-11,2.58
1980-11-12,0.00
1980-11-13,0.00
1980-11-14,0.00
1980-11-15,0.00
1980-11-16,0.00
1980-11-17,0.00
1980-11-18,0.00
1980-11-19,0.00
1980-11-20,0.00
1980-11-21,0.00
1980-11-22,0.00
1980-11-23,0.00
1980-11-24,6.46
1980-11-25,19.51
1980-11-26,10.54
1980-11-27,0.00
1980-11-28,0.00
1980-11-29,0.00
1980-11-30,0.00
1980-11-31,-9999.99M
1980-12-01,0.00
1980-12-02,0.00
1980-12-03,26.65
1980-12-04,4.21
1980-12-05,0.00
1980-12-06,0.00
1980-12-07,0.00
1980-12-08,4.52
1980-12-09,0.00
1980-12-10,0.00
1980-12-11,0.00
1980-12-12,0.00
1980-12-13,0.00
1980-12-14,0.00
1980-12-15,0.00
1980-12-16,0.00
1980-12-17,0.00
1980-12-18,0.00
1980-12-19,0.00
1980-12-20,0.00
1980-12-21,0.00
1980-12-22,0.00
1980-12-23,0.00
1980-12-24,0.00
1980-12-25,0.00
1980-12-26,0.00
1980-12-27,0.00
1980-12-28,0.00
1980-12-29,0.00
1980-12-30,0.00
1980-12-31,0.00
1981-01-01,0.00
1981-01-02,0.00
1981-01-03,0.00
1981-01-04,0.00
1981-01-05,0.00
1981-01-06,0.00
1981-01-07,0.00
1981-01-08,0.00
1981-01-09,0.00
1981-01-10,0.00
1981-01-11,0.00
1981-01-12,0.00
1981-01-13,0.00
1981-01-14,0.00
1981-01-15,0.00
1981-01-16,0.00
1981-01-17,0.00
1981-01-18,0.00
1981-01-19,0.00
1981-01-20,0.00
1981-01-21,0.00
1981-01-22,0.00
1981-01-23,0.00
1981-01-24,0.00
1981-01-25,0.00
1981-01-26,0.34
1981-01-27,0.30T
1981-01-28,0.00
1981-01-29,0.00
1981-01-30,0.00
1981-01-31,0.00
1981-02-01,0.00
1981-02-02,10.23
1981-02-03,0.30T
1981-02-04,0.00
1981-02-05,0.00
1981-02-06,0.00
1981-02-07,0.00
1981-02-08,0.00
1981-02-09,0.30T
1981-02-10,0.00
1981-02-11,2.78
1981-02-12,0.54
1981-02-13,0.00
1981-02-14,0.00
1981-02-15,0.00
1981-02-16,0.00
1981-02-17,0.00
1981-02-18,0.00
1981-02-19,3.40
1981-02-20,1.36
1981-02-21,0.00
1981-02-22,0.95
1981-02-23,0.00
1981-02-24,0.30T
1981-02-25,0.30T
1981-02-26,1.87
1981-02-27,0.00
1981-02-28,0.00
1981-02-29,-9999.99M
1981-02-30,-9999.99M
1981-02-31,-9999.99M
1981-03-01,0.00
1981-03-02,0.00
1981-03-03,0.00
1981-03-04,0.00
1981-03-05,0.30T
1981-03-06,0.30T
1981-03-07,0.00
1981-03-08,0.00
1981-03-09,0.00
1981-03-10,0.00
1981-03-11,0.00
1981-03-12,0.00
1981-03-13,0.00
1981-03-14,0.00
1981-03-15,0.00
1981-03-16,0.00
1981-03-17,29.41
1981-03-18,6.35
1981-03-19,3.19
1981-03-20,0.30T
1981-03-21,0.00
1981-03-22,0.00
1981-03-23,0.00
1981-03-24,0.00
1981-03-25,0.00
1981-03-26,0.00
1981-03-27,0.00
1981-03-28,0.00
1981-03-29,0.30T
1981-03-30,7.27
1981-03-31,0.54
1981-04-01,0.00
1981-04-02,19.21
1981-04-03,0.00
1981-04-04,4.01
1981-04-05,9.11
1981-04-06,0.95
1981-04-07,0.00
1981-04-08,1.36
1981-04-09,11.76
1981-04-10,0.00
1981-04-11,2.17
1981-04-12,0.00
1981-04-13,0.00
1981-04-14,2.38
1981-04-15,0.00
1981-04-16,0.00
1981-04-17,0.00
1981-04-18,3.40
1981-04-19,0.00
1981-04-20,0.00
1981-04-21,0.00
1981-04-22,0.00
1981-04-23,0.54
1981-04-24,0.00
1981-04-25,0.74
1981-04-26,1.15
1981-04-27,0.00
1981-04-28,0.00
1981-04-29,14.21
1981-04-30,1.15
1981-04-31,-9999.99M
1981-05-01,0.00
1981-05-02,0.00
1981-05-03,0.00
1981-05-04,0.00
1981-05-05,0.00
1981-05-06,9.52
1981-05-07,4.52
1981-05-08,0.00
1981-05-09,0.00
1981-05-10,0.30T
1981-05-11,1.05
1981-05-12,5.84
1981-05-13,30.94
1981-05-14,0.30T
1981-05-15,0.30T
1981-05-16,10.43
1981-05-17,7.78
1981-05-18,0.00
1981-05-19,0.30T
1981-05-20,0.00
1981-05-21,0.30T
1981-05-22,2.17
1981-05-23,0.00
1981-05-24,0.00
1981-05-25,1.56
1981-05-26,2.48
1981-05-27,7.48
1981-05-28,22.47
1981-05-29,3.40
1981-05-30,4.01
1981-05-31,0.95
1981-06-01,0.00
1981-06-02,0.00
1981-06-03,1.15
1981-06-04,1.97
1981-06-05,0.00
1981-06-06,4.52
1981-06-07,0.30T
1981-06-08,0.00
1981-06-09,24.82
1981-06-10,35.63
1981-06-11,1.76
1981-06-12,1.15
1981-06-13,0.00
1981-06-14,0.00
1981-06-15,0.30T
1981-06-16,1.56
1981-06-17,17.47
1981-06-18,0.00
1981-06-19,0.00
1981-06-20,0.30T
1981-06-21,2.58
1981-06-22,20.53
1981-06-23,1.15
1981-06-24,0.00
1981-06-25,14.92
1981-06-26,16.55
1981-06-27,0.00
1981-06-28,0.00
1981-06-29,0.00
1981-06-30,0.00
1981-06-31,-9999.99M
1981-07-01,0.30T
1981-07-02,0.00
1981-07-03,0.00
1981-07-04,0.44
1981-07-05,2.07
1981-07-06,2.78
1981-07-07,0.00
1981-07-08,0.85
1981-07-09,1.05
1981-07-10,1.97
1981-07-11,3.09
1981-07-12,0.54
1981-07-13,0.00
1981-07-14,6.76
1981-07-15,9.01
1981-07-16,0.00
1981-07-17,0.30T
1981-07-18,0.74
1981-07-19,0.00
1981-07-20,0.00
1981-07-21,2.99
1981-07-22,0.00
1981-07-23,0.00
1981-07-24,0.00
1981-07-25,0.00
1981-07-26,0.00
1981-07-27,12.98
1981-07-28,0.00
1981-07-29,0.00
1981-07-30,2.38
1981-07-31,0.00
1981-08-01,0.00
1981-08-02,0.00
1981-08-03,7.58
1981-08-04,9.11
1981-08-05,0.30T
1981-08-06,24.71
1981-08-07,15.23
1981-08-08,1.25
1981-08-09,7.78
1981-08-10,0.34
1981-08-11,0.30T
1981-08-12,4.42
1981-08-13,0.00
1981-08-14,0.00
1981-08-15,8.39
1981-08-16,24.31
1981-08-17,16.25
1981-08-18,0.00
1981-08-19,0.00
1981-08-20,0.00
1981-08-21,0.00
1981-08-22,0.00
1981-08-23,0.30T
1981-08-24,0.54
1981-08-25,0.00
1981-08-26,0.00
1981-08-27,0.00
1981-08-28,0.00
1981-08-29,0.00
1981-08-30,0.00
1981-08-31,0.00
1981-09-01,0.00
1981-09-02,0.00
1981-09-03,0.00
1981-09-04,0.00
1981-09-05,0.00
1981-09-06,0.00
1981-09-07,0.00
1981-09-08,0.00
1981-09-09,7.48
1981-09-10,2.27
1981-09-11,1.15
1981-09-12,2.38
1981-09-13,5.23
1981-09-14,0.00
1981-09-15,1.15
1981-09-16,0.00
1981-09-17,0.00
1981-09-18,0.00
1981-09-19,41.54
1981-09-20,6.15
1981-09-21,0.74
1981-09-22,0.00
1981-09-23,0.30T
1981-09-24,0.00
1981-09-25,0.00
1981-09-26,0.00
1981-09-27,4.11
1981-09-28,10.94
1981-09-29,11.35
1981-09-30,0.30T
1981-09-31,-9999.99M
1981-10-01,0.30T
1981-10-02,15.64
1981-10-03,14.92
1981-10-04,0.30T
1981-10-05,0.00
1981-10-06,0.00
1981-10-07,35.73
1981-10-08,4.01
1981-10-09,0.30T
1981-10-10,0.00
1981-10-11,0.00
1981-10-12,0.00
1981-10-13,0.00
1981-10-14,0.00
1981-10-15,0.00
1981-10-16,1.76
1981-10-17,0.00
1981-10-18,6.25
1981-10-19,3.40
1981-10-20,0.30T
1981-10-21,2.38
1981-10-22,9.52
1981-10-23,15.02
1981-10-24,10.54
1981-10-25,0.00
1981-10-26,3.60
1981-10-27,17.47
1981-10-28,3.70
1981-10-29,0.00
1981-10-30,0.00
1981-10-31,0.00
1981-11-01,1.15
1981-11-02,1.15
1981-11-03,0.00
1981-11-04,0.00
1981-11-05,0.00
1981-11-06,7.99
1981-11-07,10.54
1981-11-08,4.01
1981-11-09,0.30T
1981-11-10,0.00
1981-11-11,0.00
1981-11-12,0.00
1981-11-13,0.00
1981-11-14,0.00
1981-11-15,0.00
1981-11-16,0.30T
1981-11-17,1.56
1981-11-18,0.64
1981-11-19,0.00
1981-11-20,9.62
1981-11-21,15.43
1981-11-22,0.30T
1981-11-23,0.00
1981-11-24,0.00
1981-11-25,0.00
1981-11-26,0.00
1981-11-27,0.00
1981-11-28,0.00
1981-11-29,0.00
1981-11-30,0.00
1981-11-31,-9999.99M
1981-12-01,0.00
1981-12-02,16.86
1981-12-03,10.94
1981-12-04,0.30T
1981-12-05,0.00
1981-12-06,50.62
1981-12-07,14.21
1981-12-08,1.76
1981-12-09,2.58
1981-12-10,6.05
1981-12-11,0.00
1981-12-12,0.00
1981-12-13,0.00
1981-12-14,0.00
1981-12-15,0.00
1981-12-16,0.30T
1981-12-17,0.00
1981-12-18,0.00
1981-12-19,0.00
1981-12-20,0.00
1981-12-21,0.00
1981-12-22,0.00
1981-12-23,0.00
1981-12-24,0.00
1981-12-25,0.00
1981-12-26,0.00
1981-12-27,0.00
1981-12-28,0.00
1981-12-29,0.00
1981-12-30,0.00
1981-12-31,0.00
1982-01-01,0.00
1982-01-02,0.00
1982-01-03,0.00
1982-01-04,0.74
1982-01-05,0.34
1982-01-06,0.00
1982-01-07,0.00
1982-01-08,0.00
1982-01-09,0.00
1982-01-10,0.00
1982-01-11,0.00
1982-01-12,0.00
1982-01-13,0.00
1982-01-14,0.30T
1982-01-15,0.00
1982-01-16,0.00
1982-01-17,0.00
1982-01-18,0.00
1982-01-19,0.00
1982-01-20,0.00
1982-01-21,0.00
1982-01-22,0.00
1982-01-23,0.00
1982-01-24,0.00
1982-01-25,0.00
1982-01-26,0.00
1982-01-27,0.00
1982-01-28,0.00
1982-01-29,0.00
1982-01-30,0.00
1982-01-31,0.00
1982-02-01,0.00
1982-02-02,0.00
1982-02-03,0.00
1982-02-04,0.30T
1982-02-05,0.00
1982-02-06,0.00
1982-02-07,0.00
1982-02-08,0.00
1982-02-09,0.00
1982-02-10,0.00
1982-02-11,0.00
1982-02-12,0.00
1982-02-13,0.00
1982-02-14,0.00
1982-02-15,0.00
1982-02-16,0.00
1982-02-17,0.00
1982-02-18,0.00
1982-02-19,0.00
1982-02-20,0.00
1982-02-21,0.00
1982-02-22,0.00
1982-02-23,0.00
1982-02-24,0.00
1982-02-25,0.00
1982-02-26,0.00
1982-02-27,0.00
1982-02-28,0.00
1982-02-29,-9999.99M
1982-02-30,-9999.99M
1982-02-31,-9999.99M
1982-03-01,0.00
1982-03-02,0.00
1982-03-03,0.00
1982-03-04,0.00
1982-03-05,0.00
1982-03-06,0.00
1982-03-07,0.00
1982-03-08,0.00
1982-03-09,0.00
1982-03-10,0.00
1982-03-11,0.54
1982-03-12,0.00
1982-03-13,0.30T
1982-03-14,0.00
1982-03-15,0.00
1982-03-16,0.00
1982-03-17,0.00
1982-03-18,0.00
1982-03-19,0.00
1982-03-20,0.00
1982-03-21,0.00
1982-03-22,0.00
1982-03-23,0.00
1982-03-24,0.00
1982-03-25,0.00
1982-03-26,0.54
1982-03-27,0.95
1982-03-28,0.00
1982-03-29,0.00
1982-03-30,0.00
1982-03-31,0.00
1982-04-01,1.76
1982-04-02,0.00
1982-04-03,0.00
1982-04-04,2.78
1982-04-05,0.00
1982-04-06,0.00
1982-04-07,0.00
1982-04-08,0.00
1982-04-09,0.00
1982-04-10,0.00
1982-04-11,0.00
1982-04-12,0.00
1982-04-13,0.74
1982-04-14,0.85
1982-04-15,0.00
1982-04-16,0.30T
1982-04-17,1.56
1982-04-18,2.27
1982-04-19,0.00
1982-04-20,2.17
1982-04-21,2.17
1982-04-22,0.00
1982-04-23,0.85
1982-04-24,0.00
1982-04-25,0.00
1982-04-26,0.00
1982-04-27,1.97
1982-04-28,0.00
1982-04-29,0.00
1982-04-30,1.97
1982-04-31,-9999.99M
1982-05-01,1.15
1982-05-02,0.64
1982-05-03,0.34
1982-05-04,0.00
1982-05-05,0.00
1982-05-06,0.00
1982-05-07,0.30T
1982-05-08,0.00
1982-05-09,0.00
1982-05-10,0.30T
1982-05-11,0.34
1982-05-12,0.30T
1982-05-13,0.00
1982-05-14,0.30T
1982-05-15,0.00
1982-05-16,0.44
1982-05-17,0.00
1982-05-18,0.00
1982-05-19,0.34
1982-05-20,9.52
1982-05-21,0.00
1982-05-22,0.00
1982-05-23,0.00
1982-05-24,0.00
1982-05-25,0.00
1982-05-26,0.00
1982-05-27,0.00
1982-05-28,0.30T
1982-05-29,0.00
1982-05-30,0.00
1982-05-31,0.00
1982-06-01,0.30T
1982-06-02,31.96
1982-06-03,0.00
1982-06-04,0.00
1982-06-05,0.00
1982-06-06,0.00
1982-06-07,0.00
1982-06-08,0.00
1982-06-09,0.00
1982-06-10,0.00
1982-06-11,0.00
1982-06-12,0.00
1982-06-13,0.00
1982-06-14,4.42
1982-06-15,0.00
1982-06-16,24.20
1982-06-17,0.00
1982-06-18,0.00
1982-06-19,0.00
1982-06-20,10.33
1982-06-21,15.23
1982-06-22,8.09
1982-06-23,6.66
1982-06-24,0.34
1982-06-25,0.30T
1982-06-26,0.30T
1982-06-27,0.00
1982-06-28,4.42
1982-06-29,9.92
1982-06-30,2.58
1982-06-31,-9999.99M
1982-07-01,0.30T
1982-07-02,11.96
1982-07-03,0.54
1982-07-04,0.00
1982-07-05,0.00
1982-07-06,4.62
1982-07-07,2.58
1982-07-08,0.00
1982-07-09,0.00
1982-07-10,0.00
1982-07-11,0.00
1982-07-12,0.00
1982-07-13,0.00
1982-07-14,0.00
1982-07-15,0.00
1982-07-16,0.00
1982-07-17,0.54
1982-07-18,0.00
1982-07-19,7.17
1982-07-20,0.00
1982-07-21,0.00
1982-07-22,80.30
1982-07-23,0.00
1982-07-24,0.00
1982-07-25,5.44
1982-07-26,1.87
1982-07-27,0.30T
1982-07-28,5.44
1982-07-29,46.64
1982-07-30,0.00
1982-07-31,2.99
1982-08-01,2.48
1982-08-02,0.00
1982-08-03,0.00
1982-08-04,0.00
1982-08-05,10.33
1982-08-06,0.00
1982-08-07,14.21
1982-08-08,0.00
1982-08-09,1.46
1982-08-10,10.03
1982-08-11,1.36
1982-08-12,0.00
1982-08-13,3.80
1982-08-14,1.87
1982-08-15,0.44
1982-08-16,0.00
1982-08-17,6.56
1982-08-18,0.00
1982-08-19,3.29
1982-08-20,1.76
1982-08-21,0.30T
1982-08-22,0.00
1982-08-23,0.34
1982-08-24,6.05
1982-08-25,0.74
1982-08-26,13.39
1982-08-27,24.71
1982-08-28,0.00
1982-08-29,1.15
1982-08-30,1.56
1982-08-31,9.01
1982-09-01,0.00
1982-09-02,24.51
1982-09-03,10.94
1982-09-04,0.00
1982-09-05,0.00
1982-09-06,4.82
1982-09-07,0.54
1982-09-08,0.00
1982-09-09,2.07
1982-09-10,0.30T
1982-09-11,0.00
1982-09-12,0.00
1982-09-13,0.00
1982-09-14,6.25
1982-09-15,6.86
1982-09-16,11.15
1982-09-17,0.74
1982-09-18,0.74
1982-09-19,0.30T
1982-09-20,0.00
1982-09-21,0.00
1982-09-22,0.00
1982-09-23,1.36
1982-09-24,4.62
1982-09-25,0.34
1982-09-26,0.00
1982-09-27,7.48
1982-09-28,0.74
1982-09-29,0.00
1982-09-30,2.38
1982-09-31,-9999.99M
1982-10-01,22.37
1982-10-02,0.00
1982-10-03,0.54
1982-10-04,0.00
1982-10-05,0.00
1982-10-06,0.00
1982-10-07,0.00
1982-10-08,0.00
1982-10-09,0.00
1982-10-10,0.00
1982-10-11,0.00
1982-10-12,0.00
1982-10-13,1.97
1982-10-14,16.25
1982-10-15,0.34
1982-10-16,3.19
1982-10-17,0.95
1982-10-18,0.54
1982-10-19,0.00
1982-10-20,0.00
1982-10-21,0.74
1982-10-22,0.30T
1982-10-23,0.00
1982-10-24,0.00
1982-10-25,0.00
1982-10-26,0.00
1982-10-27,0.00
1982-10-28,0.00
1982-10-29,0.54
1982-10-30,1.87
1982-10-31,0.00
1982-11-01,0.00
1982-11-02,0.00
1982-11-03,1.25
1982-11-04,1.46
1982-11-05,21.55
1982-11-06,0.30T
1982-11-07,0.30T
1982-11-08,0.00
1982-11-09,0.00
1982-11-10,0.00
1982-11-11,0.00
1982-11-12,2.68
1982-11-13,23.90
1982-11-14,0.00
1982-11-15,0.00
1982-11-16,0.00
1982-11-17,0.00
1982-11-18,0.00
1982-11-19,0.00
1982-11-20,0.00
1982-11-21,1.15
1982-11-22,1.25
1982-11-23,5.84
1982-11-24,2.38
1982-11-25,0.00
1982-11-26,0.00
1982-11-27,0.00
1982-11-28,0.00
1982-11-29,0.00
1982-11-30,0.00
1982-11-31,-9999.99M
1982-12-01,0.00
1982-12-02,0.00
1982-12-03,7.88
1982-12-04,5.64
1982-12-05,0.00
1982-12-06,8.09
1982-12-07,0.95
1982-12-08,0.00
1982-12-09,0.00
1982-12-10,0.00
1982-12-11,0.00
1982-12-12,0.00
1982-12-13,0.00
1982-12-14,0.00
1982-12-15,0.00
1982-12-16,24.31
1982-12-17,0.00
1982-12-18,0.00
1982-12-19,0.00
1982-12-20,0.34
1982-12-21,0.00
1982-12-22,0.00
1982-12-23,0.00
1982-12-24,0.00
1982-12-25,12.47
1982-12-26,9.31
1982-12-27,0.00
1982-12-28,9.31
1982-12-29,0.00
1982-12-30,0.00
1982-12-31,0.00
1983-01-01,0.00
1983-01-02,0.00
1983-01-03,0.00
1983-01-04,0.00
1983-01-05,0.00
1983-01-06,0.00
1983-01-07,0.00
1983-01-08,0.00
1983-01-09,0.00
1983-01-10,0.00
1983-01-11,10.33
1983-01-12,0.00
1983-01-13,0.00
1983-01-14,0.00
1983-01-15,0.00
1983-01-16,0.00
1983-01-17,0.00
1983-01-18,0.00
1983-01-19,0.00
1983-01-20,0.00
1983-01-21,0.00
1983-01-22,0.00
1983-01-23,0.00
1983-01-24,0.30T
1983-01-25,0.00
1983-01-26,0.00
1983-01-27,0.00
1983-01-28,0.00
1983-01-29,0.00
1983-01-30,0.00
1983-01-31,0.00
1983-02-01,0.00
1983-02-02,0.00
1983-02-03,6.66
1983-02-04,0.34
1983-02-05,0.00
1983-02-06,0.00
1983-02-07,0.00
1983-02-08,0.30T
1983-02-09,0.30T
1983-02-10,0.00
1983-02-11,0.00
1983-02-12,0.00
1983-02-13,0.00
1983-02-14,0.00
1983-02-15,0.00
1983-02-16,0.00
1983-02-17,0.00
1983-02-18,0.00
1983-02-19,0.00
1983-02-20,0.00
1983-02-21,0.00
1983-02-22,0.00
1983-02-23,0.00
1983-02-24,0.00
1983-02-25,0.00
1983-02-26,0.00
1983-02-27,0.00
1983-02-28,0.00
1983-02-29,-9999.99M
1983-02-30,-9999.99M
1983-02-31,-9999.99M
1983-03-01,0.00
1983-03-02,10.84
1983-03-03,0.00
1983-03-04,0.00
1983-03-05,0.00
1983-03-06,0.00
1983-03-07,0.00
1983-03-08,0.00
1983-03-09,0.00
1983-03-10,0.00
1983-03-11,0.00
1983-03-12,21.25
1983-03-13,1.76
1983-03-14,0.00
1983-03-15,0.00
1983-03-16,0.34
1983-03-17,0.00
1983-03-18,0.00
1983-03-19,0.95
1983-03-20,3.19
1983-03-21,0.30T
1983-03-22,9.31
1983-03-23,0.95
1983-03-24,0.00
1983-03-25,0.00
1983-03-26,0.00
1983-03-27,0.00
1983-03-28,0.30T
1983-03-29,1.25
1983-03-30,0.00
1983-03-31,0.00
1983-04-01,0.00
1983-04-02,0.00
1983-04-03,0.34
1983-04-04,5.03
1983-04-05,1.25
1983-04-06,0.30T
1983-04-07,1.76
1983-04-08,3.60
1983-04-09,0.00
1983-04-10,0.00
1983-04-11,2.17
1983-04-12,9.11
1983-04-13,0.00
1983-04-14,0.00
1983-04-15,0.00
1983-04-16,7.27
1983-04-17,18.70
1983-04-18,6.66
1983-04-19,7.48
1983-04-20,6.35
1983-04-21,0.85
1983-04-22,0.00
1983-04-23,0.30T
1983-04-24,3.80
1983-04-25,15.43
1983-04-26,3.60
1983-04-27,0.00
1983-04-28,0.00
1983-04-29,0.44
1983-04-30,1.25
1983-04-31,-9999.99M
1983-05-01,2.58
1983-05-02,16.66
1983-05-03,3.80
1983-05-04,5.03
1983-05-05,0.30T
1983-05-06,5.03
1983-05-07,1.15
1983-05-08,0.74
1983-05-09,2.78
1983-05-10,4.21
1983-05-11,11.15
1983-05-12,3.70
1983-05-13,6.97
1983-05-14,0.34
1983-05-15,0.30T
1983-05-16,0.00
1983-05-17,0.00
1983-05-18,0.00
1983-05-19,0.00
1983-05-20,1.36
1983-05-21,1.36
1983-05-22,0.00
1983-05-23,1.36
1983-05-24,2.38
1983-05-25,12.78
1983-05-26,0.30T
1983-05-27,0.00
1983-05-28,19.41
1983-05-29,0.00
1983-05-30,15.64
1983-05-31,15.94
1983-06-01,3.19
1983-06-02,0.74
1983-06-03,2.99
1983-06-04,1.56
1983-06-05,0.00
1983-06-06,0.30T
1983-06-07,5.54
1983-06-08,0.00
1983-06-09,0.00
1983-06-10,0.00
1983-06-11,0.74
1983-06-12,1.56
1983-06-13,0.00
1983-06-14,1.15
1983-06-15,0.00
1983-06-16,0.00
1983-06-17,12.07
1983-06-18,5.64
1983-06-19,0.00
1983-06-20,0.00
1983-06-21,0.00
1983-06-22,0.00
1983-06-23,0.00
1983-06-24,0.00
1983-06-25,0.00
1983-06-26,0.00
1983-06-27,1.15
1983-06-28,0.00
1983-06-29,0.00
1983-06-30,0.00
1983-06-31,-9999.99M
1983-07-01,0.30T
1983-07-02,0.95
1983-07-03,0.00
1983-07-04,0.00
1983-07-05,7.88
1983-07-06,9.01
1983-07-07,0.00
1983-07-08,9.31
1983-07-09,0.30T
1983-07-10,0.00
1983-07-11,0.00
1983-07-12,0.00
1983-07-13,4.93
1983-07-14,0.30T
1983-07-15,5.03
1983-07-16,0.00
1983-07-17,0.00
1983-07-18,0.00
1983-07-19,0.00
1983-07-20,21.45
1983-07-21,20.53
1983-07-22,4.31
1983-07-23,0.00
1983-07-24,4.42
1983-07-25,0.54
1983-07-26,0.00
1983-07-27,3.80
1983-07-28,3.40
1983-07-29,0.00
1983-07-30,17.37
1983-07-31,0.00
1983-08-01,5.64
1983-08-02,25.43
1983-08-03,0.30T
1983-08-04,2.48
1983-08-05,0.00
1983-08-06,6.35
1983-08-07,0.00
1983-08-08,5.54
1983-08-09,0.00
1983-08-10,0.30T
1983-08-11,0.00
1983-08-12,0.00
1983-08-13,0.00
1983-08-14,0.00
1983-08-15,0.00
1983-08-16,0.00
1983-08-17,0.30T
1983-08-18,0.30T
1983-08-19,4.62
1983-08-20,6.46
1983-08-21,0.30T
1983-08-22,0.00
1983-08-23,0.00
1983-08-24,0.00
1983-08-25,0.00
1983-08-26,0.30T
1983-08-27,2.99
1983-08-28,0.34
1983-08-29,0.30T
1983-08-30,0.30T
1983-08-31,4.93
1983-09-01,1.66
1983-09-02,4.01
1983-09-03,0.00
1983-09-04,0.00
1983-09-05,0.00
1983-09-06,0.00
1983-09-07,10.94
1983-09-08,0.00
1983-09-09,10.23
1983-09-10,0.00
1983-09-11,6.05
1983-09-12,0.00
1983-09-13,0.00
1983-09-14,0.00
1983-09-15,0.34
1983-09-16,0.00
1983-09-17,4.52
1983-09-18,2.78
1983-09-19,1.36
1983-09-20,0.34
1983-09-21,0.00
1983-09-22,15.84
1983-09-23,0.00
1983-09-24,0.00
1983-09-25,0.00
1983-09-26,0.74
1983-09-27,1.15
1983-09-28,0.00
1983-09-29,0.00
1983-09-30,0.00
1983-09-31,-9999.99M
1983-10-01,1.15
1983-10-02,0.00
1983-10-03,0.30T
1983-10-04,0.30T
1983-10-05,20.12
1983-10-06,4.82
1983-10-07,0.54
1983-10-08,3.80
1983-10-09,0.00
1983-10-10,0.00
1983-10-11,0.00
1983-10-12,0.00
1983-10-13,5.23
1983-10-14,0.85
1983-10-15,0.74
1983-10-16,0.00
1983-10-17,1.25
1983-10-18,0.34
1983-10-19,0.00
1983-10-20,0.00
1983-10-21,0.00
1983-10-22,0.00
1983-10-23,0.00
1983-10-24,0.30T
1983-10-25,0.00
1983-10-26,0.30T
1983-10-27,0.74
1983-10-28,8.19
1983-10-29,5.13
1983-10-30,0.00
1983-10-31,0.00
1983-11-01,0.00
1983-11-02,0.00
1983-11-03,18.59
1983-11-04,0.34
1983-11-05,1.97
1983-11-06,22.37
1983-11-07,19.92
1983-11-08,0.30T
1983-11-09,0.00
1983-11-10,0.44
1983-11-11,26.75
1983-11-12,6.76
1983-11-13,0.00
1983-11-14,0.00
1983-11-15,0.00
1983-11-16,12.07
1983-11-17,6.86
1983-11-18,1.36
1983-11-19,0.00
1983-11-20,0.00
1983-11-21,1.15
1983-11-22,0.00
1983-11-23,0.00
1983-11-24,3.09
1983-11-25,51.23
1983-11-26,3.19
1983-11-27,0.00
1983-11-28,0.00
1983-11-29,0.00
1983-11-30,0.00
1983-11-31,-9999.99M
1983-12-01,0.00
1983-12-02,0.00
1983-12-03,0.00
1983-12-04,0.00
1983-12-05,0.00
1983-12-06,0.00
1983-12-07,18.70
1983-12-08,0.00
1983-12-09,0.00
1983-12-10,0.00
1983-12-11,0.00
1983-12-12,0.00
1983-12-13,0.34
1983-12-14,14.31
1983-12-15,0.30T
1983-12-16,0.00
1983-12-17,0.00
1983-12-18,0.00
1983-12-19,0.00
1983-12-20,0.00
1983-12-21,0.00
1983-12-22,0.00
1983-12-23,0.00
1983-12-24,0.00
1983-12-25,0.00
1983-12-26,0.00
1983-12-27,0.00
1983-12-28,0.00
1983-12-29,0.30T
1983-12-30,0.00
1983-12-31,0.00
1984-01-01,0.00
1984-01-02,0.00
1984-01-03,0.00
1984-01-04,0.00
1984-01-05,0.00
1984-01-06,0.30T
1984-01-07,0.00
1984-01-08,0.00
1984-01-09,0.00
1984-01-10,0.00
1984-01-11,0.00
1984-01-12,0.00
1984-01-13,0.00
1984-01-14,0.00
1984-01-15,0.00
1984-01-16,0.00
1984-01-17,0.00
1984-01-18,0.00
1984-01-19,0.00
1984-01-20,0.00
1984-01-21,0.00
1984-01-22,0.00
1984-01-23,0.00
1984-01-24,0.00
1984-01-25,0.00
1984-01-26,0.00
1984-01-27,0.00
1984-01-28,0.00
1984-01-29,0.00
1984-01-30,0.00
1984-01-31,0.00
1984-02-01,0.00
1984-02-02,0.00
1984-02-03,0.30T
1984-02-04,1.36
1984-02-05,0.30T
1984-02-06,0.00
1984-02-07,0.00
1984-02-08,0.00
1984-02-09,0.00
1984-02-10,0.00
1984-02-11,0.00
1984-02-12,0.00
1984-02-13,0.00
1984-02-14,0.00
1984-02-15,6.66
1984-02-16,0.00
1984-02-17,0.00
1984-02-18,0.00
1984-02-19,0.00
1984-02-20,0.00
1984-02-21,0.00
1984-02-22,0.00
1984-02-23,0.00
1984-02-24,3.60
1984-02-25,7.07
1984-02-26,0.30T
1984-02-27,0.00
1984-02-28,0.00
1984-02-29,0.30T
1984-02-30,-9999.99M
1984-02-31,-9999.99M
1984-03-01,0.00
1984-03-02,0.00
1984-03-03,0.00
1984-03-04,0.00
1984-03-05,0.00
1984-03-06,0.30T
1984-03-07,0.00
1984-03-08,0.00
1984-03-09,0.00
1984-03-10,0.00
1984-03-11,0.00
1984-03-12,0.00
1984-03-13,0.00
1984-03-14,0.00
1984-03-15,0.30T
1984-03-16,6.86
1984-03-17,1.36
1984-03-18,0.00
1984-03-19,0.95
1984-03-20,0.85
1984-03-21,0.34
1984-03-22,3.50
1984-03-23,0.95
1984-03-24,0.00
1984-03-25,0.00
1984-03-26,0.00
1984-03-27,0.00
1984-03-28,0.00
1984-03-29,0.00
1984-03-30,0.00
1984-03-31,0.00
1984-04-01,0.00
1984-04-02,0.00
1984-04-03,0.00
1984-04-04,0.00
1984-04-05,0.34
1984-04-06,23.80
1984-04-07,20.33
1984-04-08,0.00
1984-04-09,0.00
1984-04-10,0.30T
1984-04-11,1.97
1984-04-12,0.00
1984-04-13,0.00
1984-04-14,0.00
1984-04-15,0.00
1984-04-16,21.55
1984-04-17,11.56
1984-04-18,0.30T
1984-04-19,0.00
1984-04-20,0.00
1984-04-21,0.00
1984-04-22,0.00
1984-04-23,0.00
1984-04-24,0.00
1984-04-25,0.74
1984-04-26,0.00
1984-04-27,0.00
1984-04-28,0.00
1984-04-29,0.00
1984-04-30,1.56
1984-04-31,-9999.99M
1984-05-01,0.54
1984-05-02,0.00
1984-05-03,0.00
1984-05-04,2.38
1984-05-05,1.36
1984-05-06,0.30T
1984-05-07,0.00
1984-05-08,8.70
1984-05-09,16.45
1984-05-10,1.56
1984-05-11,0.00
1984-05-12,11.45
1984-05-13,4.01
1984-05-14,10.84
1984-05-15,2.78
1984-05-16,2.99
1984-05-17,0.00
1984-05-18,0.00
1984-05-19,0.00
1984-05-20,0.00
1984-05-21,1.97
1984-05-22,0.30T
1984-05-23,1.25
1984-05-24,9.11
1984-05-25,0.00
1984-05-26,1.97
1984-05-27,0.00
1984-05-28,0.30T
1984-05-29,5.44
1984-05-30,12.58
1984-05-31,11.15
1984-06-01,14.00
1984-06-02,12.88
1984-06-03,0.30T
1984-06-04,0.00
1984-06-05,0.00
1984-06-06,0.00
1984-06-07,0.00
1984-06-08,5.64
1984-06-09,0.00
1984-06-10,0.00
1984-06-11,2.17
1984-06-12,0.00
1984-06-13,4.82
1984-06-14,9.21
1984-06-15,4.62
1984-06-16,0.00
1984-06-17,0.30T
1984-06-18,6.86
1984-06-19,18.70
1984-06-20,1.15
1984-06-21,2.38
1984-06-22,1.25
1984-06-23,1.15
1984-06-24,0.00
1984-06-25,4.82
1984-06-26,27.26
1984-06-27,8.09
1984-06-28,0.54
1984-06-29,4.21
1984-06-30,0.00
1984-06-31,-9999.99M
1984-07-01,0.00
1984-07-02,0.00
1984-07-03,0.30T
1984-07-04,1.56
1984-07-05,0.00
1984-07-06,0.30T
1984-07-07,3.09
1984-07-08,3.40
1984-07-09,0.30T
1984-07-10,0.30T
1984-07-11,1.15
1984-07-12,38.69
1984-07-13,0.00
1984-07-14,0.00
1984-07-15,8.09
1984-07-16,18.70
1984-07-17,0.54
1984-07-18,0.95
1984-07-19,0.00
1984-07-20,0.30T
1984-07-21,17.68
1984-07-22,0.30T
1984-07-23,6.05
1984-07-24,1.56
1984-07-25,4.21
1984-07-26,0.00
1984-07-27,2.27
1984-07-28,0.95
1984-07-29,0.00
1984-07-30,0.00
1984-07-31,0.30T
1984-08-01,0.95
1984-08-02,0.00
1984-08-03,0.30T
1984-08-04,0.00
1984-08-05,0.00
1984-08-06,30.73
1984-08-07,11.25
1984-08-08,0.00
1984-08-09,0.00
1984-08-10,0.00
1984-08-11,0.00
1984-08-12,0.74
1984-08-13,1.97
1984-08-14,1.15
1984-08-15,15.43
1984-08-16,1.97
1984-08-17,0.00
1984-08-18,0.00
1984-08-19,1.15
1984-08-20,0.95
1984-08-21,0.00
1984-08-22,0.00
1984-08-23,2.38
1984-08-24,16.45
1984-08-25,0.00
1984-08-26,0.00
1984-08-27,0.00
1984-08-28,0.00
1984-08-29,0.00
1984-08-30,6.05
1984-08-31,6.46
1984-09-01,0.00
1984-09-02,0.00
1984-09-03,1.97
1984-09-04,0.30T
1984-09-05,0.30T
1984-09-06,0.54
1984-09-07,0.30T
1984-09-08,0.00
1984-09-09,0.00
1984-09-10,0.00
1984-09-11,2.48
1984-09-12,0.00
1984-09-13,0.30T
1984-09-14,0.00
1984-09-15,0.30T
1984-09-16,0.30T
1984-09-17,0.00
1984-09-18,0.00
1984-09-19,0.30T
1984-09-20,4.62
1984-09-21,0.30T
1984-09-22,0.00
1984-09-23,0.00
1984-09-24,0.00
1984-09-25,0.30T
1984-09-26,7.07
1984-09-27,0.00
1984-09-28,0.30T
1984-09-29,1.15
1984-09-30,0.00
1984-09-31,-9999.99M
1984-10-01,0.00
1984-10-02,5.23
1984-10-03,10.54
1984-10-04,2.27
1984-10-05,0.00
1984-10-06,0.00
1984-10-07,0.00
1984-10-08,7.48
1984-10-09,0.00
1984-10-10,0.00
1984-10-11,0.00
1984-10-12,0.00
1984-10-13,0.00
1984-10-14,0.00
1984-10-15,0.30T
1984-10-16,0.30T
1984-10-17,0.00
1984-10-18,0.00
1984-10-19,0.30T
1984-10-20,0.30T
1984-10-21,4.01
1984-10-22,1.15
1984-10-23,0.30T
1984-10-24,0.00
1984-10-25,0.30T
1984-10-26,0.00
1984-10-27,0.74
1984-10-28,9.92
1984-10-29,0.00
1984-10-30,0.00
1984-10-31,0.34
1984-11-01,0.00
1984-11-02,4.82
1984-11-03,0.00
1984-11-04,0.00
1984-11-05,4.62
1984-11-06,0.74
1984-11-07,0.00
1984-11-08,0.00
1984-11-09,0.00
1984-11-10,6.76
1984-11-11,11.96
1984-11-12,6.86
1984-11-13,3.19
1984-11-14,3.19
1984-11-15,0.00
1984-11-16,1.76
1984-11-17,0.00
1984-11-18,0.00
1984-11-19,0.00
1984-11-20,0.00
1984-11-21,0.00
1984-11-22,0.00
1984-11-23,0.00
1984-11-24,0.00
1984-11-25,0.00
1984-11-26,0.00
1984-11-27,0.00
1984-11-28,0.00
1984-11-29,4.01
1984-11-30,6.86
1984-11-31,-9999.99M
1984-12-01,0.00
1984-12-02,0.00
1984-12-03,0.00
1984-12-04,0.00
1984-12-05,0.00
1984-12-06,2.17
1984-12-07,0.30T
1984-12-08,0.00
1984-12-09,0.00
1984-12-10,0.00
1984-12-11,0.30T
1984-12-12,0.30T
1984-12-13,0.34
1984-12-14,0.00
1984-12-15,0.00
1984-12-16,0.30T
1984-12-17,0.74
1984-12-18,0.00
1984-12-19,0.00
1984-12-20,0.00
1984-12-21,0.00
1984-12-22,0.34
1984-12-23,0.00
1984-12-24,0.00
1984-12-25,4.42
1984-12-26,0.00
1984-12-27,0.00
1984-12-28,0.00
1984-12-29,0.54
1984-12-30,0.00
1984-12-31,0.00
1985-01-01,0.00
1985-01-02,0.30T
1985-01-03,0.00
1985-01-04,0.00
1985-01-05,0.00
1985-01-06,0.00
1985-01-07,0.00
1985-01-08,0.00
1985-01-09,0.00
1985-01-10,0.00
1985-01-11,0.00
1985-01-12,0.00
1985-01-13,0.00
1985-01-14,0.00
1985-01-15,0.00
1985-01-16,0.00
1985-01-17,0.00
1985-01-18,0.00
1985-01-19,0.00
1985-01-20,0.00
1985-01-21,0.00
1985-01-22,0.00
1985-01-23,0.00
1985-01-24,0.00
1985-01-25,0.00
1985-01-26,0.00
1985-01-27,0.00
1985-01-28,0.00
1985-01-29,0.00
1985-01-30,0.00
1985-01-31,0.00
1985-02-01,0.00
1985-02-02,0.00
1985-02-03,0.00
1985-02-04,0.00
1985-02-05,0.00
1985-02-06,0.00
1985-02-07,0.00
1985-02-08,0.00
1985-02-09,0.00
1985-02-10,0.00
1985-02-11,0.00
1985-02-12,0.00
1985-02-13,6.05
1985-02-14,0.34
1985-02-15,0.00
1985-02-16,0.00
1985-02-17,0.00
1985-02-18,0.00
1985-02-19,0.00
1985-02-20,0.00
1985-02-21,0.00
1985-02-22,0.00
1985-02-23,0.00
1985-02-24,0.00
1985-02-25,0.00
1985-02-26,0.00
1985-02-27,0.00
1985-02-28,0.00
1985-02-29,-9999.99M
1985-02-30,-9999.99M
1985-02-31,-9999.99M
1985-03-01,0.00
1985-03-02,0.54
1985-03-03,0.00
1985-03-04,0.00
1985-03-05,0.00
1985-03-06,0.00
1985-03-07,0.00
1985-03-08,0.00
1985-03-09,0.00
1985-03-10,0.00
1985-03-11,0.00
1985-03-12,0.00
1985-03-13,1.76
1985-03-14,1.36
1985-03-15,0.00
1985-03-16,0.00
1985-03-17,0.00
1985-03-18,0.00
1985-03-19,0.00
1985-03-20,0.00
1985-03-21,0.00
1985-03-22,0.00
1985-03-23,0.00
1985-03-24,0.00
1985-03-25,0.00
1985-03-26,0.00
1985-03-27,0.00
1985-03-28,0.30T
1985-03-29,0.00
1985-03-30,0.00
1985-03-31,0.00
1985-04-01,0.00
1985-04-02,0.00
1985-04-03,0.00
1985-04-04,0.00
1985-04-05,0.00
1985-04-06,2.78
1985-04-07,1.76
1985-04-08,0.00
1985-04-09,0.00
1985-04-10,0.00
1985-04-11,0.00
1985-04-12,0.00
1985-04-13,0.00
1985-04-14,0.00
1985-04-15,2.99
1985-04-16,21.14
1985-04-17,0.00
1985-04-18,0.00
1985-04-19,0.00
1985-04-20,0.00
1985-04-21,0.00
1985-04-22,0.00
1985-04-23,0.00
1985-04-24,0.00
1985-04-25,0.00
1985-04-26,0.00
1985-04-27,0.00
1985-04-28,0.00
1985-04-29,0.54
1985-04-30,0.64
1985-04-31,-9999.99M
1985-05-01,0.44
1985-05-02,0.00
1985-05-03,0.00
1985-05-04,0.00
1985-05-05,0.00
1985-05-06,0.00
1985-05-07,0.44
1985-05-08,6.15
1985-05-09,0.30T
1985-05-10,2.68
1985-05-11,0.00
1985-05-12,10.74
1985-05-13,11.35
1985-05-14,0.00
1985-05-15,0.00
1985-05-16,0.34
1985-05-17,6.56
1985-05-18,27.37
1985-05-19,4.42
1985-05-20,0.30T
1985-05-21,2.68
1985-05-22,0.30T
1985-05-23,0.44
1985-05-24,0.00
1985-05-25,8.80
1985-05-26,0.00
1985-05-27,3.09
1985-05-28,0.30T
1985-05-29,0.00
1985-05-30,0.30T
1985-05-31,5.33
1985-06-01,12.37
1985-06-02,0.00
1985-06-03,0.00
1985-06-04,0.00
1985-06-05,0.00
1985-06-06,5.23
1985-06-07,0.00
1985-06-08,0.00
1985-06-09,0.00
1985-06-10,7.68
1985-06-11,0.00
1985-06-12,0.74
1985-06-13,10.94
1985-06-14,0.95
1985-06-15,0.54
1985-06-16,0.54
1985-06-17,0.00
1985-06-18,15.02
1985-06-19,0.95
1985-06-20,25.53
1985-06-21,5.23
1985-06-22,0.00
1985-06-23,0.30T
1985-06-24,12.47
1985-06-25,19.72
1985-06-26,1.76
1985-06-27,0.00
1985-06-28,0.30T
1985-06-29,1.36
1985-06-30,0.00
1985-06-31,-9999.99M
1985-07-01,0.00
1985-07-02,0.30T
1985-07-03,0.95
1985-07-04,0.30T
1985-07-05,0.00
1985-07-06,11.66
1985-07-07,21.76
1985-07-08,2.68
1985-07-09,0.44
1985-07-10,36.55
1985-07-11,5.13
1985-07-12,0.00
1985-07-13,0.00
1985-07-14,3.19
1985-07-15,2.07
1985-07-16,22.78
1985-07-17,0.00
1985-07-18,0.00
1985-07-19,7.58
1985-07-20,0.30T
1985-07-21,0.00
1985-07-22,16.15
1985-07-23,0.30T
1985-07-24,0.00
1985-07-25,0.00
1985-07-26,19.92
1985-07-27,0.00
1985-07-28,0.00
1985-07-29,4.82
1985-07-30,0.95
1985-07-31,0.00
1985-08-01,7.48
1985-08-02,0.00
1985-08-03,0.00
1985-08-04,0.00
1985-08-05,0.00
1985-08-06,0.00
1985-08-07,0.00
1985-08-08,0.74
1985-08-09,1.15
1985-08-10,0.00
1985-08-11,3.19
1985-08-12,12.68
1985-08-13,0.00
1985-08-14,0.00
1985-08-15,2.78
1985-08-16,1.15
1985-08-17,0.00
1985-08-18,0.00
1985-08-19,0.00
1985-08-20,16.25
1985-08-21,0.00
1985-08-22,0.00
1985-08-23,0.00
1985-08-24,0.30T
1985-08-25,0.00
1985-08-26,0.00
1985-08-27,19.92
1985-08-28,2.99
1985-08-29,0.00
1985-08-30,0.00
1985-08-31,0.00
1985-09-01,0.00
1985-09-02,0.64
1985-09-03,0.00
1985-09-04,11.56
1985-09-05,1.46
1985-09-06,0.00
1985-09-07,0.00
1985-09-08,0.00
1985-09-09,0.00
1985-09-10,9.21
1985-09-11,5.64
1985-09-12,0.30T
1985-09-13,0.00
1985-09-14,0.00
1985-09-15,0.00
1985-09-16,0.00
1985-09-17,0.00
1985-09-18,0.00
1985-09-19,0.00
1985-09-20,0.00
1985-09-21,0.00
1985-09-22,0.00
1985-09-23,0.00
1985-09-24,0.34
1985-09-25,8.90
1985-09-26,0.00
1985-09-27,26.65
1985-09-28,4.82
1985-09-29,0.30T
1985-09-30,1.76
1985-09-31,-9999.99M
1985-10-01,9.82
1985-10-02,11.15
1985-10-03,0.00
1985-10-04,0.00
1985-10-05,1.15
1985-10-06,3.50
1985-10-07,0.30T
1985-10-08,0.30T
1985-10-09,0.54
1985-10-10,5.54
1985-10-11,3.80
1985-10-12,0.00
1985-10-13,0.30T
1985-10-14,0.74
1985-10-15,8.09
1985-10-16,0.00
1985-10-17,0.00
1985-10-18,0.30T
1985-10-19,0.00
1985-10-20,0.00
1985-10-21,0.00
1985-10-22,0.00
1985-10-23,0.00
1985-10-24,0.30T
1985-10-25,3.09
1985-10-26,0.00
1985-10-27,0.74
1985-10-28,0.30T
1985-10-29,0.00
1985-10-30,0.00
1985-10-31,0.00
1985-11-01,0.00
1985-11-02,0.30T
1985-11-03,0.00
1985-11-04,0.00
1985-11-05,0.85
1985-11-06,17.68
1985-11-07,17.88
1985-11-08,0.30T
1985-11-09,0.00
1985-11-10,0.00
1985-11-11,0.00
1985-11-12,0.00
1985-11-13,0.00
1985-11-14,0.00
1985-11-15,0.00
1985-11-16,0.00
1985-11-17,0.00
1985-11-18,0.00
1985-11-19,0.34
1985-11-20,15.94
1985-11-21,0.00
1985-11-22,0.00
1985-11-23,0.00
1985-11-24,0.00
1985-11-25,0.00
1985-11-26,0.00
1985-11-27,0.00
1985-11-28,0.00
1985-11-29,0.00
1985-11-30,0.00
1985-11-31,-9999.99M
1985-12-01,0.00
1985-12-02,15.84
1985-12-03,0.00
1985-12-04,0.00
1985-12-05,0.00
1985-12-06,0.00
1985-12-07,0.00
1985-12-08,0.00
1985-12-09,0.00
1985-12-10,0.00
1985-12-11,0.00
1985-12-12,0.00
1985-12-13,0.00
1985-12-14,0.00
1985-12-15,0.00
1985-12-16,0.00
1985-12-17,0.00
1985-12-18,0.00
1985-12-19,0.00
1985-12-20,0.00
1985-12-21,0.00
1985-12-22,0.00
1985-12-23,0.00
1985-12-24,0.00
1985-12-25,0.30T
1985-12-26,0.00
1985-12-27,0.00
1985-12-28,0.00
1985-12-29,0.00
1985-12-30,0.00
1985-12-31,0.00
1986-01-01,0.00
1986-01-02,0.00
1986-01-03,0.00
1986-01-04,0.00
1986-01-05,0.00
1986-01-06,0.00
1986-01-07,0.00
1986-01-08,0.00
1986-01-09,0.00
1986-01-10,0.00
1986-01-11,0.00
1986-01-12,0.00
1986-01-13,0.00
1986-01-14,0.00
1986-01-15,0.00
1986-01-16,0.00
1986-01-17,0.00
1986-01-18,0.34
1986-01-19,1.76
1986-01-20,26.55
1986-01-21,0.30T
1986-01-22,0.00
1986-01-23,0.00
1986-01-24,0.00
1986-01-25,0.00
1986-01-26,1.05
1986-01-27,0.74
1986-01-28,11.76
1986-01-29,0.00
1986-01-30,0.00
1986-01-31,0.00
1986-02-01,0.00
1986-02-02,0.00
1986-02-03,0.00
1986-02-04,0.00
1986-02-05,0.00
1986-02-06,0.00
1986-02-07,0.00
1986-02-08,0.00
1986-02-09,0.00
1986-02-10,0.00
1986-02-11,0.00
1986-02-12,0.00
1986-02-13,0.00
1986-02-14,0.00
1986-02-15,0.00
1986-02-16,0.00
1986-02-17,0.00
1986-02-18,0.00
1986-02-19,0.00
1986-02-20,0.00
1986-02-21,0.00
1986-02-22,0.00
1986-02-23,0.00
1986-02-24,0.00
1986-02-25,0.00
1986-02-26,0.00
1986-02-27,0.00
1986-02-28,0.00
1986-02-29,-9999.99M
1986-02-30,-9999.99M
1986-02-31,-9999.99M
1986-03-01,0.00
1986-03-02,0.00
1986-03-03,0.00
1986-03-04,0.00
1986-03-05,0.00
1986-03-06,0.00
1986-03-07,0.00
1986-03-08,0.00
1986-03-09,0.00
1986-03-10,0.00
1986-03-11,0.00
1986-03-12,0.00
1986-03-13,0.00
1986-03-14,0.00
1986-03-15,0.30T
1986-03-16,0.00
1986-03-17,0.00
1986-03-18,0.00
1986-03-19,4.82
1986-03-20,0.00
1986-03-21,0.00
1986-03-22,0.00
1986-03-23,0.00
1986-03-24,0.00
1986-03-25,0.00
1986-03-26,0.00
1986-03-27,0.30T
1986-03-28,0.00
1986-03-29,0.00
1986-03-30,0.30T
1986-03-31,0.00
1986-04-01,0.00
1986-04-02,0.85
1986-04-03,0.00
1986-04-04,0.00
1986-04-05,0.00
1986-04-06,0.00
1986-04-07,0.00
1986-04-08,0.34
1986-04-09,0.30T
1986-04-10,0.30T
1986-04-11,5.23
1986-04-12,6.46
1986-04-13,0.30T
1986-04-14,0.00
1986-04-15,0.00
1986-04-16,0.00
1986-04-17,0.00
1986-04-18,0.00
1986-04-19,0.00
1986-04-20,0.00
1986-04-21,1.56
1986-04-22,8.90
1986-04-23,2.17
1986-04-24,0.64
1986-04-25,1.97
1986-04-26,2.17
1986-04-27,4.21
1986-04-28,0.54
1986-04-29,0.00
1986-04-30,0.00
1986-04-31,-9999.99M
1986-05-01,0.00
1986-05-02,1.25
1986-05-03,0.00
1986-05-04,0.00
1986-05-05,0.30T
1986-05-06,0.00
1986-05-07,0.00
1986-05-08,0.00
1986-05-09,0.00
1986-05-10,0.00
1986-05-11,0.00
1986-05-12,0.00
1986-05-13,0.00
1986-05-14,0.00
1986-05-15,0.00
1986-05-16,0.00
1986-05-17,0.00
1986-05-18,0.00
1986-05-19,16.76
1986-05-20,1.15
1986-05-21,37.36
1986-05-22,11.76
1986-05-23,0.00
1986-05-24,0.00
1986-05-25,0.00
1986-05-26,0.00
1986-05-27,1.97
1986-05-28,0.30T
1986-05-29,0.30T
1986-05-30,0.00
1986-05-31,0.00
1986-06-01,11.45
1986-06-02,0.00
1986-06-03,0.00
1986-06-04,0.00
1986-06-05,0.00
1986-06-06,0.00
1986-06-07,0.00
1986-06-08,16.86
1986-06-09,0.34
1986-06-10,0.30T
1986-06-11,0.30T
1986-06-12,0.00
1986-06-13,1.25
1986-06-14,0.00
1986-06-15,0.00
1986-06-16,0.64
1986-06-17,11.56
1986-06-18,2.99
1986-06-19,0.00
1986-06-20,0.00
1986-06-21,0.00
1986-06-22,0.00
1986-06-23,0.95
1986-06-24,2.38
1986-06-25,2.78
1986-06-26,0.00
1986-06-27,3.40
1986-06-28,4.42
1986-06-29,2.78
1986-06-30,1.76
1986-06-31,-9999.99M
1986-07-01,0.00
1986-07-02,0.00
1986-07-03,0.00
1986-07-04,17.98
1986-07-05,1.36
1986-07-06,0.00
1986-07-07,3.19
1986-07-08,0.30T
1986-07-09,0.30T
1986-07-10,1.15
1986-07-11,0.30T
1986-07-12,0.00
1986-07-13,0.00
1986-07-14,18.70
1986-07-15,16.04
1986-07-16,14.41
1986-07-17,10.94
1986-07-18,3.09
1986-07-19,0.00
1986-07-20,0.74
1986-07-21,6.66
1986-07-22,0.00
1986-07-23,0.85
1986-07-24,0.00
1986-07-25,0.00
1986-07-26,0.30T
1986-07-27,0.00
1986-07-28,0.00
1986-07-29,0.34
1986-07-30,0.30T
1986-07-31,16.96
1986-08-01,9.21
1986-08-02,0.74
1986-08-03,0.30T
1986-08-04,0.30T
1986-08-05,0.00
1986-08-06,6.15
1986-08-07,15.23
1986-08-08,27.88
1986-08-09,6.76
1986-08-10,0.00
1986-08-11,2.58
1986-08-12,0.00
1986-08-13,0.00
1986-08-14,0.00
1986-08-15,0.00
1986-08-16,6.25
1986-08-17,0.00
1986-08-18,5.84
1986-08-19,0.00
1986-08-20,0.00
1986-08-21,3.19
1986-08-22,2.58
1986-08-23,0.00
1986-08-24,48.99
1986-08-25,21.96
1986-08-26,0.00
1986-08-27,2.17
1986-08-28,0.00
1986-08-29,0.00
1986-08-30,0.54
1986-08-31,0.00
1986-09-01,0.30T
1986-09-02,3.40
1986-09-03,0.00
1986-09-04,0.30T
1986-09-05,2.07
1986-09-06,12.88
1986-09-07,0.00
1986-09-08,0.00
1986-09-09,0.30T
1986-09-10,0.30T
1986-09-11,11.76
1986-09-12,30.22
1986-09-13,0.00
1986-09-14,0.00
1986-09-15,0.00
1986-09-16,0.00
1986-09-17,0.00
1986-09-18,0.00
1986-09-19,0.30T
1986-09-20,0.00
1986-09-21,0.00
1986-09-22,0.00
1986-09-23,4.93
1986-09-24,4.82
1986-09-25,3.40
1986-09-26,0.34
1986-09-27,0.00
1986-09-28,0.00
1986-09-29,2.68
1986-09-30,14.41
1986-09-31,-9999.99M
1986-10-01,0.44
1986-10-02,0.00
1986-10-03,0.30T
1986-10-04,12.78
1986-10-05,0.00
1986-10-06,4.62
1986-10-07,0.00
1986-10-08,0.44
1986-10-09,0.30T
1986-10-10,0.00
1986-10-11,0.00
1986-10-12,0.00
1986-10-13,1.15
1986-10-14,2.89
1986-10-15,2.78
1986-10-16,0.00
1986-10-17,0.00
1986-10-18,0.00
1986-10-19,0.00
1986-10-20,0.00
1986-10-21,2.58
1986-10-22,0.00
1986-10-23,16.55
1986-10-24,0.00
1986-10-25,0.00
1986-10-26,0.00
1986-10-27,7.78
1986-10-28,3.40
1986-10-29,2.89
1986-10-30,4.21
1986-10-31,0.00
1986-11-01,0.30T
1986-11-02,0.74
1986-11-03,0.00
1986-11-04,0.30T
1986-11-05,0.00
1986-11-06,0.00
1986-11-07,0.00
1986-11-08,3.60
1986-11-09,11.45
1986-11-10,0.00
1986-11-11,0.00
1986-11-12,0.00
1986-11-13,0.00
1986-11-14,0.00
1986-11-15,0.00
1986-11-16,0.00
1986-11-17,0.00
1986-11-18,0.00
1986-11-19,0.00
1986-11-20,0.00
1986-11-21,0.00
1986-11-22,0.00
1986-11-23,0.00
1986-11-24,0.54
1986-11-25,0.00
1986-11-26,0.00
1986-11-27,0.00
1986-11-28,0.00
1986-11-29,0.00
1986-11-30,0.00
1986-11-31,-9999.99M
1986-12-01,0.00
1986-12-02,0.00
1986-12-03,24.00
1986-12-04,0.30T
1986-12-05,0.00
1986-12-06,0.00
1986-12-07,0.00
1986-12-08,0.00
1986-12-09,0.00
1986-12-10,0.00
1986-12-11,0.00
1986-12-12,0.00
1986-12-13,0.00
1986-12-14,0.00
1986-12-15,0.00
1986-12-16,0.00
1986-12-17,0.00
1986-12-18,0.00
1986-12-19,0.30T
1986-12-20,0.00
1986-12-21,0.00
1986-12-22,0.00
1986-12-23,0.00
1986-12-24,0.00
1986-12-25,3.19
1986-12-26,0.30T
1986-12-27,0.00
1986-12-28,0.00
1986-12-29,0.00
1986-12-30,0.00
1986-12-31,0.00
1987-01-01,0.00
1987-01-02,0.00
1987-01-03,0.30T
1987-01-04,0.00
1987-01-05,0.00
1987-01-06,0.00
1987-01-07,0.00
1987-01-08,0.00
1987-01-09,0.00
1987-01-10,0.00
1987-01-11,0.00
1987-01-12,0.00
1987-01-13,0.00
1987-01-14,0.00
1987-01-15,0.00
1987-01-16,0.00
1987-01-17,0.00
1987-01-18,0.00
1987-01-19,0.00
1987-01-20,0.00
1987-01-21,0.00
1987-01-22,0.00
1987-01-23,0.00
1987-01-24,0.00
1987-01-25,0.00
1987-01-26,0.00
1987-01-27,0.00
1987-01-28,0.00
1987-01-29,0.00
1987-01-30,0.00
1987-01-31,0.00
1987-02-01,0.00
1987-02-02,0.00
1987-02-03,0.00
1987-02-04,0.00
1987-02-05,0.00
1987-02-06,0.00
1987-02-07,0.00
1987-02-08,0.00
1987-02-09,0.00
1987-02-10,0.00
1987-02-11,0.00
1987-02-12,0.00
1987-02-13,0.00
1987-02-14,0.00
1987-02-15,0.00
1987-02-16,0.00
1987-02-17,0.00
1987-02-18,0.00
1987-02-19,0.00
1987-02-20,0.00
1987-02-21,0.00
1987-02-22,0.00
1987-02-23,0.00
1987-02-24,0.00
1987-02-25,0.00
1987-02-26,0.00
1987-02-27,0.00
1987-02-28,0.00
1987-02-29,-9999.99M
1987-02-30,-9999.99M
1987-02-31,-9999.99M
1987-03-01,0.00
1987-03-02,0.00
1987-03-03,0.00
1987-03-04,0.00
1987-03-05,0.00
1987-03-06,0.00
1987-03-07,0.00
1987-03-08,0.00
1987-03-09,0.00
1987-03-10,0.00
1987-03-11,0.00
1987-03-12,0.00
1987-03-13,0.00
1987-03-14,0.00
1987-03-15,0.00
1987-03-16,0.00
1987-03-17,0.30T
1987-03-18,0.00
1987-03-19,0.30T
1987-03-20,1.56
1987-03-21,6.97
1987-03-22,0.30T
1987-03-23,0.00
1987-03-24,0.00
1987-03-25,0.00
1987-03-26,5.03
1987-03-27,1.97
1987-03-28,0.00
1987-03-29,0.00
1987-03-30,0.00
1987-03-31,0.54
1987-04-01,0.54
1987-04-02,9.52
1987-04-03,0.00
1987-04-04,0.00
1987-04-05,0.34
1987-04-06,3.91
1987-04-07,8.09
1987-04-08,0.74
1987-04-09,0.00
1987-04-10,0.00
1987-04-11,0.30T
1987-04-12,0.34
1987-04-13,0.00
1987-04-14,0.00
1987-04-15,0.00
1987-04-16,0.00
1987-04-17,0.34
1987-04-18,0.00
1987-04-19,0.00
1987-04-20,0.00
1987-04-21,1.15
1987-04-22,0.00
1987-04-23,0.54
1987-04-24,2.38
1987-04-25,0.00
1987-04-26,0.00
1987-04-27,0.00
1987-04-28,0.00
1987-04-29,0.95
1987-04-30,0.64
1987-04-31,-9999.99M
1987-05-01,0.00
1987-05-02,0.00
1987-05-03,0.00
1987-05-04,0.00
1987-05-05,0.00
1987-05-06,5.33
1987-05-07,9.52
1987-05-08,0.30T
1987-05-09,0.54
1987-05-10,0.64
1987-05-11,2.68
1987-05-12,8.80
1987-05-13,0.00
1987-05-14,0.00
1987-05-15,6.46
1987-05-16,0.30T
1987-05-17,0.30T
1987-05-18,0.64
1987-05-19,0.00
1987-05-20,0.00
1987-05-21,0.00
1987-05-22,2.78
1987-05-23,0.00
1987-05-24,0.30T
1987-05-25,0.00
1987-05-26,0.00
1987-05-27,0.00
1987-05-28,0.34
1987-05-29,0.00
1987-05-30,3.40
1987-05-31,3.09
1987-06-01,0.00
1987-06-02,0.00
1987-06-03,0.00
1987-06-04,3.29
1987-06-05,5.44
1987-06-06,0.00
1987-06-07,2.17
1987-06-08,0.00
1987-06-09,2.48
1987-06-10,2.99
1987-06-11,2.38
1987-06-12,0.64
1987-06-13,0.00
1987-06-14,2.17
1987-06-15,7.07
1987-06-16,0.00
1987-06-17,0.00
1987-06-18,0.00
1987-06-19,0.95
1987-06-20,0.00
1987-06-21,0.30T
1987-06-22,0.00
1987-06-23,0.00
1987-06-24,0.74
1987-06-25,0.00
1987-06-26,2.58
1987-06-27,7.37
1987-06-28,30.63
1987-06-29,0.30T
1987-06-30,34.20
1987-06-31,-9999.99M
1987-07-01,0.30T
1987-07-02,0.00
1987-07-03,5.03
1987-07-04,10.94
1987-07-05,3.09
1987-07-06,0.00
1987-07-07,0.00
1987-07-08,0.00
1987-07-09,0.44
1987-07-10,0.00
1987-07-11,0.00
1987-07-12,0.00
1987-07-13,0.00
1987-07-14,0.00
1987-07-15,1.36
1987-07-16,0.00
1987-07-17,0.00
1987-07-18,0.00
1987-07-19,0.00
1987-07-20,0.00
1987-07-21,1.36
1987-07-22,0.00
1987-07-23,0.30T
1987-07-24,2.48
1987-07-25,0.00
1987-07-26,8.50
1987-07-27,0.54
1987-07-28,0.00
1987-07-29,0.00
1987-07-30,4.42
1987-07-31,0.74
1987-08-01,8.09
1987-08-02,0.00
1987-08-03,17.88
1987-08-04,20.74
1987-08-05,0.00
1987-08-06,0.00
1987-08-07,0.00
1987-08-08,11.35
1987-08-09,0.30T
1987-08-10,0.00
1987-08-11,2.99
1987-08-12,0.00
1987-08-13,0.00
1987-08-14,0.00
1987-08-15,0.00
1987-08-16,4.82
1987-08-17,0.00
1987-08-18,12.78
1987-08-19,3.19
1987-08-20,23.39
1987-08-21,0.00
1987-08-22,7.88
1987-08-23,0.34
1987-08-24,0.30T
1987-08-25,0.74
1987-08-26,0.00
1987-08-27,0.00
1987-08-28,0.00
1987-08-29,0.00
1987-08-30,0.00
1987-08-31,0.00
1987-09-01,5.54
1987-09-02,0.30T
1987-09-03,0.30T
1987-09-04,0.00
1987-09-05,0.30T
1987-09-06,0.00
1987-09-07,0.00
1987-09-08,0.30T
1987-09-09,14.92
1987-09-10,3.50
1987-09-11,0.30T
1987-09-12,0.30T
1987-09-13,10.33
1987-09-14,16.04
1987-09-15,0.00
1987-09-16,0.00
1987-09-17,0.00
1987-09-18,0.30T
1987-09-19,0.00
1987-09-20,0.00
1987-09-21,0.30T
1987-09-22,1.25
1987-09-23,1.36
1987-09-24,0.34
1987-09-25,0.30T
1987-09-26,7.68
1987-09-27,0.64
1987-09-28,0.30T
1987-09-29,0.00
1987-09-30,4.42
1987-09-31,-9999.99M
1987-10-01,4.21
1987-10-02,0.00
1987-10-03,2.58
1987-10-04,10.23
1987-10-05,1.36
1987-10-06,0.00
1987-10-07,1.56
1987-10-08,23.59
1987-10-09,0.30T
1987-10-10,0.34
1987-10-11,0.00
1987-10-12,0.00
1987-10-13,0.00
1987-10-14,0.00
1987-10-15,0.00
1987-10-16,0.00
1987-10-17,0.30T
1987-10-18,1.97
1987-10-19,0.00
1987-10-20,0.00
1987-10-21,3.19
1987-10-22,0.30T
1987-10-23,0.00
1987-10-24,2.58
1987-10-25,15.64
1987-10-26,0.00
1987-10-27,0.00
1987-10-28,6.46
1987-10-29,1.25
1987-10-30,0.00
1987-10-31,0.64
1987-11-01,0.00
1987-11-02,0.00
1987-11-03,2.99
1987-11-04,10.43
1987-11-05,8.19
1987-11-06,0.00
1987-11-07,0.00
1987-11-08,0.00
1987-11-09,0.00
1987-11-10,0.00
1987-11-11,0.00
1987-11-12,0.00
1987-11-13,0.00
1987-11-14,0.30T
1987-11-15,0.00
1987-11-16,0.00
1987-11-17,0.00
1987-11-18,5.33
1987-11-19,0.00
1987-11-20,1.15
1987-11-21,0.30T
1987-11-22,0.00
1987-11-23,0.00
1987-11-24,0.30T
1987-11-25,0.00
1987-11-26,0.00
1987-11-27,0.00
1987-11-28,0.00
1987-11-29,0.00
1987-11-30,26.24
1987-11-31,-9999.99M
1987-12-01,59.50
1987-12-02,0.30T
1987-12-03,0.00
1987-12-04,0.00
1987-12-05,0.00
1987-12-06,0.00
1987-12-07,0.00
1987-12-08,0.00
1987-12-09,0.00
1987-12-10,0.30T
1987-12-11,0.30T
1987-12-12,0.00
1987-12-13,0.00
1987-12-14,0.00
1987-12-15,0.00
1987-12-16,0.30T
1987-12-17,0.00
1987-12-18,0.00
1987-12-19,0.00
1987-12-20,0.00
1987-12-21,0.00
1987-12-22,0.00
1987-12-23,0.00
1987-12-24,0.00
1987-12-25,0.00
1987-12-26,0.00
1987-12-27,0.00
1987-12-28,0.00
1987-12-29,0.00
1987-12-30,0.00
1987-12-31,0.00
1988-01-01,0.00
1988-01-02,0.00
1988-01-03,0.00
1988-01-04,0.00
1988-01-05,0.00
1988-01-06,0.00
1988-01-07,0.00
1988-01-08,0.00
1988-01-09,0.00
1988-01-10,0.00
1988-01-11,0.00
1988-01-12,0.00
1988-01-13,0.00
1988-01-14,0.00
1988-01-15,0.00
1988-01-16,0.00
1988-01-17,0.00
1988-01-18,0.30T
1988-01-19,2.78
1988-01-20,0.30T
1988-01-21,0.30T
1988-01-22,0.00
1988-01-23,0.00
1988-01-24,0.00
1988-01-25,0.00
1988-01-26,0.00
1988-01-27,0.00
1988-01-28,0.00
1988-01-29,0.00
1988-01-30,0.30T
1988-01-31,1.46
1988-02-01,3.60
1988-02-02,0.30T
1988-02-03,0.00
1988-02-04,0.00
1988-02-05,0.00
1988-02-06,0.00
1988-02-07,0.00
1988-02-08,0.00
1988-02-09,0.00
1988-02-10,0.00
1988-02-11,0.00
1988-02-12,0.00
1988-02-13,0.30T
1988-02-14,0.00
1988-02-15,0.00
1988-02-16,0.00
1988-02-17,0.00
1988-02-18,0.00
1988-02-19,0.00
1988-02-20,0.95
1988-02-21,0.00
1988-02-22,0.00
1988-02-23,0.30T
1988-02-24,0.00
1988-02-25,0.00
1988-02-26,0.00
1988-02-27,0.00
1988-02-28,0.00
1988-02-29,0.00
1988-02-30,-9999.99M
1988-02-31,-9999.99M
1988-03-01,0.00
1988-03-02,0.00
1988-03-03,0.00
1988-03-04,0.00
1988-03-05,0.00
1988-03-06,0.00
1988-03-07,0.00
1988-03-08,0.00
1988-03-09,0.30T
1988-03-10,0.30T
1988-03-11,0.00
1988-03-12,0.00
1988-03-13,0.00
1988-03-14,0.00
1988-03-15,0.00
1988-03-16,0.00
1988-03-17,0.00
1988-03-18,0.00
1988-03-19,0.00
1988-03-20,0.00
1988-03-21,0.00
1988-03-22,0.00
1988-03-23,0.00
1988-03-24,0.00
1988-03-25,0.00
1988-03-26,8.80
1988-03-27,9.82
1988-03-28,0.34
1988-03-29,0.00
1988-03-30,0.00
1988-03-31,0.00
1988-04-01,0.00
1988-04-02,0.00
1988-04-03,4.01
1988-04-04,9.31
1988-04-05,0.34
1988-04-06,0.00
1988-04-07,0.30T
1988-04-08,0.30T
1988-04-09,3.50
1988-04-10,16.25
1988-04-11,0.00
1988-04-12,0.00
1988-04-13,0.00
1988-04-14,0.00
1988-04-15,0.00
1988-04-16,1.76
1988-04-17,0.95
1988-04-18,6.15
1988-04-19,1.66
1988-04-20,0.00
1988-04-21,4.42
1988-04-22,0.30T
1988-04-23,0.00
1988-04-24,0.85
1988-04-25,0.64
1988-04-26,0.44
1988-04-27,10.23
1988-04-28,0.30T
1988-04-29,4.42
1988-04-30,1.25
1988-04-31,-9999.99M
1988-05-01,0.74
1988-05-02,0.34
1988-05-03,0.00
1988-05-04,0.00
1988-05-05,0.00
1988-05-06,0.44
1988-05-07,0.00
1988-05-08,0.00
1988-05-09,0.00
1988-05-10,0.00
1988-05-11,8.09
1988-05-12,2.17
1988-05-13,0.30T
1988-05-14,0.00
1988-05-15,0.74
1988-05-16,0.95
1988-05-17,0.64
1988-05-18,1.36
1988-05-19,0.30T
1988-05-20,0.30T
1988-05-21,0.00
1988-05-22,9.82
1988-05-23,2.17
1988-05-24,0.30T
1988-05-25,11.96
1988-05-26,5.95
1988-05-27,1.36
1988-05-28,0.95
1988-05-29,0.00
1988-05-30,4.82
1988-05-31,7.17
1988-06-01,2.68
1988-06-02,0.54
1988-06-03,0.00
1988-06-04,0.00
1988-06-05,0.30T
1988-06-06,0.30T
1988-06-07,0.30T
1988-06-08,0.00
1988-06-09,0.00
1988-06-10,0.30T
1988-06-11,0.00
1988-06-12,0.00
1988-06-13,0.00
1988-06-14,6.56
1988-06-15,0.00
1988-06-16,0.30T
1988-06-17,1.66
1988-06-18,0.00
1988-06-19,0.00
1988-06-20,4.62
1988-06-21,0.00
1988-06-22,2.99
1988-06-23,0.54
1988-06-24,0.00
1988-06-25,26.45
1988-06-26,15.94
1988-06-27,0.00
1988-06-28,0.34
1988-06-29,22.98
1988-06-30,7.07
1988-06-31,-9999.99M
1988-07-01,8.50
1988-07-02,1.25
1988-07-03,0.30T
1988-07-04,0.00
1988-07-05,0.00
1988-07-06,0.00
1988-07-07,2.78
1988-07-08,0.30T
1988-07-09,0.30T
1988-07-10,0.00
1988-07-11,3.80
1988-07-12,9.31
1988-07-13,0.00
1988-07-14,18.29
1988-07-15,0.00
1988-07-16,0.00
1988-07-17,0.00
1988-07-18,0.00
1988-07-19,8.19
1988-07-20,0.00
1988-07-21,0.00
1988-07-22,0.00
1988-07-23,0.00
1988-07-24,0.00
1988-07-25,0.00
1988-07-26,0.00
1988-07-27,2.78
1988-07-28,0.00
1988-07-29,0.30T
1988-07-30,0.54
1988-07-31,0.00
1988-08-01,0.00
1988-08-02,0.00
1988-08-03,1.97
1988-08-04,19.31
1988-08-05,5.95
1988-08-06,13.60
1988-08-07,7.07
1988-08-08,0.54
1988-08-09,0.95
1988-08-10,4.93
1988-08-11,0.00
1988-08-12,0.00
1988-08-13,15.23
1988-08-14,0.00
1988-08-15,13.39
1988-08-16,2.68
1988-08-17,0.95
1988-08-18,0.30T
1988-08-19,0.95
1988-08-20,0.00
1988-08-21,0.00
1988-08-22,0.30T
1988-08-23,0.00
1988-08-24,0.00
1988-08-25,16.25
1988-08-26,3.29
1988-08-27,0.00
1988-08-28,3.19
1988-08-29,0.30T
1988-08-30,0.00
1988-08-31,0.00
1988-09-01,0.00
1988-09-02,4.82
1988-09-03,1.15
1988-09-04,2.38
1988-09-05,22.98
1988-09-06,0.34
1988-09-07,0.34
1988-09-08,0.30T
1988-09-09,0.00
1988-09-10,0.30T
1988-09-11,0.85
1988-09-12,0.54
1988-09-13,10.13
1988-09-14,0.30T
1988-09-15,0.00
1988-09-16,0.30T
1988-09-17,0.00
1988-09-18,15.33
1988-09-19,0.00
1988-09-20,0.30T
1988-09-21,9.82
1988-09-22,0.30T
1988-09-23,6.66
1988-09-24,0.00
1988-09-25,0.00
1988-09-26,0.54
1988-09-27,2.38
1988-09-28,2.17
1988-09-29,0.00
1988-09-30,1.15
1988-09-31,-9999.99M
1988-10-01,0.00
1988-10-02,22.16
1988-10-03,3.19
1988-10-04,0.00
1988-10-05,1.56
1988-10-06,7.37
1988-10-07,0.00
1988-10-08,0.00
1988-10-09,8.50
1988-10-10,0.00
1988-10-11,11.25
1988-10-12,0.54
1988-10-13,2.17
1988-10-14,0.00
1988-10-15,0.00
1988-10-16,0.00
1988-10-17,0.00
1988-10-18,4.01
1988-10-19,2.38
1988-10-20,5.33
1988-10-21,0.00
1988-10-22,1.15
1988-10-23,12.78
1988-10-24,4.62
1988-10-25,18.39
1988-10-26,0.85
1988-10-27,0.00
1988-10-28,1.66
1988-10-29,0.74
1988-10-30,0.00
1988-10-31,0.00
1988-11-01,0.00
1988-11-02,19.31
1988-11-03,2.78
1988-11-04,0.30T
1988-11-05,0.74
1988-11-06,6.15
1988-11-07,1.15
1988-11-08,0.34
1988-11-09,1.46
1988-11-10,8.80
1988-11-11,2.17
1988-11-12,0.00
1988-11-13,0.00
1988-11-14,0.30T
1988-11-15,0.00
1988-11-16,0.00
1988-11-17,2.17
1988-11-18,0.00
1988-11-19,0.00
1988-11-20,0.00
1988-11-21,0.00
1988-11-22,0.00
1988-11-23,0.00
1988-11-24,0.00
1988-11-25,0.00
1988-11-26,0.00
1988-11-27,0.30T
1988-11-28,13.60
1988-11-29,0.00
1988-11-30,0.00
1988-11-31,-9999.99M
1988-12-01,0.00
1988-12-02,0.00
1988-12-03,0.30T
1988-12-04,0.00
1988-12-05,0.00
1988-12-06,0.30T
1988-12-07,0.00
1988-12-08,0.00
1988-12-09,0.00
1988-12-10,0.00
1988-12-11,0.00
1988-12-12,0.00
1988-12-13,0.00
1988-12-14,0.30T
1988-12-15,0.00
1988-12-16,0.00
1988-12-17,0.00
1988-12-18,0.00
1988-12-19,0.00
1988-12-20,0.30T
1988-12-21,1.87
1988-12-22,0.00
1988-12-23,0.00
1988-12-24,0.00
1988-12-25,0.00
1988-12-26,0.00
1988-12-27,0.00
1988-12-28,0.00
1988-12-29,0.00
1988-12-30,0.00
1988-12-31,0.00
1989-01-01,0.00
1989-01-02,0.00
1989-01-03,0.00
1989-01-04,0.00
1989-01-05,0.00
1989-01-06,0.00
1989-01-07,0.00
1989-01-08,1.36
1989-01-09,0.00
1989-01-10,0.00
1989-01-11,0.00
1989-01-12,0.30T
1989-01-13,0.00
1989-01-14,0.00
1989-01-15,0.00
1989-01-16,0.00
1989-01-17,0.00
1989-01-18,0.00
1989-01-19,0.00
1989-01-20,0.00
1989-01-21,0.00
1989-01-22,0.00
1989-01-23,0.00
1989-01-24,0.00
1989-01-25,0.00
1989-01-26,0.00
1989-01-27,0.00
1989-01-28,0.00
1989-01-29,0.00
1989-01-30,0.00
1989-01-31,0.00
1989-02-01,0.30T
1989-02-02,0.00
1989-02-03,0.00
1989-02-04,0.00
1989-02-05,0.00
1989-02-06,0.00
1989-02-07,0.00
1989-02-08,0.00
1989-02-09,0.00
1989-02-10,0.00
1989-02-11,0.00
1989-02-12,0.00
1989-02-13,0.00
1989-02-14,0.00
1989-02-15,0.00
1989-02-16,0.00
1989-02-17,0.00
1989-02-18,0.00
1989-02-19,0.00
1989-02-20,0.00
1989-02-21,1.25
1989-02-22,0.30T
1989-02-23,0.00
1989-02-24,0.00
1989-02-25,0.00
1989-02-26,0.00
1989-02-27,0.00
1989-02-28,0.00
1989-02-29,-9999.99M
1989-02-30,-9999.99M
1989-02-31,-9999.99M
1989-03-01,0.00
1989-03-02,0.00
1989-03-03,0.00
1989-03-04,0.00
1989-03-05,0.00
1989-03-06,0.00
1989-03-07,0.00
1989-03-08,0.00
1989-03-09,0.00
1989-03-10,0.00
1989-03-11,0.00
1989-03-12,0.00
1989-03-13,0.00
1989-03-14,0.00
1989-03-15,1.97
1989-03-16,0.00
1989-03-17,0.00
1989-03-18,0.00
1989-03-19,0.00
1989-03-20,0.00
1989-03-21,0.00
1989-03-22,0.00
1989-03-23,0.00
1989-03-24,0.00
1989-03-25,0.00
1989-03-26,0.00
1989-03-27,1.46
1989-03-28,6.05
1989-03-29,8.50
1989-03-30,0.00
1989-03-31,0.74
1989-04-01,1.56
1989-04-02,0.00
1989-04-03,0.30T
1989-04-04,0.95
1989-04-05,3.19
1989-04-06,25.43
1989-04-07,3.09
1989-04-08,0.00
1989-04-09,0.00
1989-04-10,0.00
1989-04-11,0.00
1989-04-12,0.00
1989-04-13,0.00
1989-04-14,0.00
1989-04-15,0.34
1989-04-16,1.76
1989-04-17,0.30T
1989-04-18,2.38
1989-04-19,0.54
1989-04-20,0.00
1989-04-21,0.00
1989-04-22,0.00
1989-04-23,0.30T
1989-04-24,0.00
1989-04-25,0.30T
1989-04-26,0.00
1989-04-27,0.34
1989-04-28,0.30T
1989-04-29,0.00
1989-04-30,0.00
1989-04-31,-9999.99M
1989-05-01,0.54
1989-05-02,40.73
1989-05-03,1.97
1989-05-04,0.00
1989-05-05,0.00
1989-05-06,7.68
1989-05-07,1.15
1989-05-08,6.86
1989-05-09,0.00
1989-05-10,0.00
1989-05-11,11.35
1989-05-12,0.74
1989-05-13,0.34
1989-05-14,11.35
1989-05-15,2.99
1989-05-16,1.36
1989-05-17,0.34
1989-05-18,0.00
1989-05-19,0.00
1989-05-20,0.30T
1989-05-21,0.64
1989-05-22,8.50
1989-05-23,0.54
1989-05-24,4.21
1989-05-25,1.15
1989-05-26,0.95
1989-05-27,5.44
1989-05-28,0.54
1989-05-29,0.30T
1989-05-30,1.56
1989-05-31,0.00
1989-06-01,15.13
1989-06-02,0.30T
1989-06-03,0.00
1989-06-04,10.94
1989-06-05,0.00
1989-06-06,0.00
1989-06-07,0.00
1989-06-08,0.30T
1989-06-09,0.00
1989-06-10,14.82
1989-06-11,9.01
1989-06-12,0.34
1989-06-13,0.00
1989-06-14,0.54
1989-06-15,0.00
1989-06-16,4.62
1989-06-17,0.30T
1989-06-18,0.30T
1989-06-19,0.30T
1989-06-20,2.89
1989-06-21,0.00
1989-06-22,0.00
1989-06-23,0.30T
1989-06-24,0.00
1989-06-25,0.00
1989-06-26,0.95
1989-06-27,0.00
1989-06-28,0.00
1989-06-29,0.00
1989-06-30,0.00
1989-06-31,-9999.99M
1989-07-01,0.30T
1989-07-02,4.01
1989-07-03,0.00
1989-07-04,2.38
1989-07-05,0.00
1989-07-06,0.00
1989-07-07,0.00
1989-07-08,0.00
1989-07-09,0.00
1989-07-10,13.29
1989-07-11,39.20
1989-07-12,0.00
1989-07-13,0.00
1989-07-14,3.40
1989-07-15,0.00
1989-07-16,0.00
1989-07-17,0.30T
1989-07-18,4.62
1989-07-19,0.30T
1989-07-20,0.00
1989-07-21,0.00
1989-07-22,0.00
1989-07-23,0.00
1989-07-24,0.00
1989-07-25,0.30T
1989-07-26,0.00
1989-07-27,3.19
1989-07-28,17.17
1989-07-29,0.74
1989-07-30,0.00
1989-07-31,0.00
1989-08-01,0.00
1989-08-02,0.00
1989-08-03,0.30T
1989-08-04,4.82
1989-08-05,0.54
1989-08-06,14.00
1989-08-07,1.56
1989-08-08,17.27
1989-08-09,0.00
1989-08-10,0.00
1989-08-11,0.00
1989-08-12,0.30T
1989-08-13,15.02
1989-08-14,1.66
1989-08-15,0.00
1989-08-16,2.99
1989-08-17,0.00
1989-08-18,0.00
1989-08-19,0.00
1989-08-20,4.31
1989-08-21,1.05
1989-08-22,0.00
1989-08-23,0.30T
1989-08-24,0.30T
1989-08-25,0.30T
1989-08-26,0.30T
1989-08-27,0.00
1989-08-28,0.30T
1989-08-29,0.30T
1989-08-30,15.43
1989-08-31,0.00
1989-09-01,37.06
1989-09-02,13.80
1989-09-03,0.00
1989-09-04,0.00
1989-09-05,0.00
1989-09-06,0.00
1989-09-07,0.00
1989-09-08,0.00
1989-09-09,0.00
1989-09-10,0.95
1989-09-11,0.30T
1989-09-12,0.54
1989-09-13,0.00
1989-09-14,0.00
1989-09-15,0.34
1989-09-16,0.00
1989-09-17,1.36
1989-09-18,0.00
1989-09-19,0.00
1989-09-20,1.97
1989-09-21,0.30T
1989-09-22,4.82
1989-09-23,6.46
1989-09-24,0.74
1989-09-25,0.00
1989-09-26,7.88
1989-09-27,0.00
1989-09-28,0.30T
1989-09-29,0.95
1989-09-30,0.00
1989-09-31,-9999.99M
1989-10-01,0.00
1989-10-02,5.84
1989-10-03,2.78
1989-10-04,0.00
1989-10-05,0.44
1989-10-06,2.48
1989-10-07,9.21
1989-10-08,0.30T
1989-10-09,0.34
1989-10-10,0.00
1989-10-11,0.00
1989-10-12,2.38
1989-10-13,5.13
1989-10-14,0.00
1989-10-15,0.00
1989-10-16,22.67
1989-10-17,0.00
1989-10-18,0.00
1989-10-19,0.00
1989-10-20,3.19
1989-10-21,4.21
1989-10-22,0.30T
1989-10-23,0.00
1989-10-24,0.54
1989-10-25,0.00
1989-10-26,0.00
1989-10-27,0.00
1989-10-28,0.00
1989-10-29,0.30T
1989-10-30,0.74
1989-10-31,0.30T
1989-11-01,13.19
1989-11-02,0.00
1989-11-03,9.92
1989-11-04,0.95
1989-11-05,0.00
1989-11-06,2.48
1989-11-07,0.00
1989-11-08,0.00
1989-11-09,23.59
1989-11-10,0.54
1989-11-11,0.30T
1989-11-12,0.54
1989-11-13,0.00
1989-11-14,0.34
1989-11-15,9.62
1989-11-16,4.82
1989-11-17,1.87
1989-11-18,0.00
1989-11-19,0.00
1989-11-20,0.00
1989-11-21,0.00
1989-11-22,0.00
1989-11-23,0.00
1989-11-24,0.00
1989-11-25,0.00
1989-11-26,0.00
1989-11-27,0.00
1989-11-28,0.00
1989-11-29,0.30T
1989-11-30,0.00
1989-11-31,-9999.99M
1989-12-01,0.00
1989-12-02,0.00
1989-12-03,0.00
1989-12-04,0.00
1989-12-05,0.00
1989-12-06,0.00
1989-12-07,0.00
1989-12-08,0.00
1989-12-09,0.00
1989-12-10,0.00
1989-12-11,0.00
1989-12-12,0.00
1989-12-13,0.00
1989-12-14,0.00
1989-12-15,0.00
1989-12-16,0.00
1989-12-17,0.00
1989-12-18,0.34
1989-12-19,0.00
1989-12-20,0.00
1989-12-21,0.00
1989-12-22,0.00
1989-12-23,0.00
1989-12-24,0.00
1989-12-25,0.00
1989-12-26,0.00
1989-12-27,0.00
1989-12-28,0.00
1989-12-29,0.00
1989-12-30,0.00
1989-12-31,0.30T
1990-01-01,1.76
1990-01-02,0.00
1990-01-03,0.00
1990-01-04,0.30T
1990-01-05,0.00
1990-01-06,0.00
1990-01-07,0.00
1990-01-08,0.00
1990-01-09,0.00
1990-01-10,0.00
1990-01-11,0.00
1990-01-12,0.00
1990-01-13,0.00
1990-01-14,0.00
1990-01-15,0.00
1990-01-16,0.00
1990-01-17,4.62
1990-01-18,2.17
1990-01-19,0.00
1990-01-20,0.00
1990-01-21,0.00
1990-01-22,0.00
1990-01-23,0.00
1990-01-24,0.00
1990-01-25,0.34
1990-01-26,6.66
1990-01-27,0.00
1990-01-28,0.00
1990-01-29,0.00
1990-01-30,0.00
1990-01-31,0.00
1990-02-01,0.30T
1990-02-02,0.30T
1990-02-03,0.00
1990-02-04,0.00
1990-02-05,0.00
1990-02-06,0.00
1990-02-07,0.00
1990-02-08,0.30T
1990-02-09,0.34
1990-02-10,0.00
1990-02-11,0.00
1990-02-12,0.00
1990-02-13,0.00
1990-02-14,0.00
1990-02-15,0.00
1990-02-16,0.00
1990-02-17,0.00
1990-02-18,0.00
1990-02-19,0.00
1990-02-20,0.00
1990-02-21,0.00
1990-02-22,0.34
1990-02-23,0.30T
1990-02-24,0.00
1990-02-25,0.00
1990-02-26,0.00
1990-02-27,0.00
1990-02-28,0.00
1990-02-29,-9999.99M
1990-02-30,-9999.99M
1990-02-31,-9999.99M
1990-03-01,0.00
1990-03-02,0.00
1990-03-03,0.00
1990-03-04,0.00
1990-03-05,0.00
1990-03-06,0.00
1990-03-07,0.00
1990-03-08,0.00
1990-03-09,0.00
1990-03-10,0.00
1990-03-11,0.30T
1990-03-12,0.00
1990-03-13,0.00
1990-03-14,0.30T
1990-03-15,0.30T
1990-03-16,0.34
1990-03-17,7.68
1990-03-18,1.15
1990-03-19,0.00
1990-03-20,0.00
1990-03-21,0.34
1990-03-22,0.00
1990-03-23,3.19
1990-03-24,0.00
1990-03-25,0.00
1990-03-26,0.00
1990-03-27,0.00
1990-03-28,0.00
1990-03-29,0.00
1990-03-30,0.00
1990-03-31,0.30T
1990-04-01,0.54
1990-04-02,1.15
1990-04-03,1.56
1990-04-04,24.10
1990-04-05,0.34
1990-04-06,0.00
1990-04-07,0.00
1990-04-08,0.00
1990-04-09,0.00
1990-04-10,0.00
1990-04-11,0.34
1990-04-12,0.00
1990-04-13,0.00
1990-04-14,0.00
1990-04-15,5.33
1990-04-16,0.00
1990-04-17,4.01
1990-04-18,0.00
1990-04-19,0.00
1990-04-20,2.58
1990-04-21,10.13
1990-04-22,0.30T
1990-04-23,0.00
1990-04-24,0.00
1990-04-25,0.00
1990-04-26,1.15
1990-04-27,0.30T
1990-04-28,0.00
1990-04-29,0.00
1990-04-30,0.00
1990-04-31,-9999.99M
1990-05-01,0.00
1990-05-02,6.25
1990-05-03,0.00
1990-05-04,0.30T
1990-05-05,0.74
1990-05-06,12.58
1990-05-07,0.00
1990-05-08,0.00
1990-05-09,7.27
1990-05-10,0.30T
1990-05-11,1.97
1990-05-12,0.30T
1990-05-13,0.00
1990-05-14,0.00
1990-05-15,0.54
1990-05-16,2.58
1990-05-17,0.95
1990-05-18,26.86
1990-05-19,3.80
1990-05-20,1.66
1990-05-21,9.52
1990-05-22,13.60
1990-05-23,0.00
1990-05-24,0.00
1990-05-25,0.00
1990-05-26,0.00
1990-05-27,0.00
1990-05-28,0.34
1990-05-29,0.34
1990-05-30,5.74
1990-05-31,0.00
1990-06-01,0.00
1990-06-02,0.00
1990-06-03,0.30T
1990-06-04,3.40
1990-06-05,0.34
1990-06-06,0.00
1990-06-07,0.95
1990-06-08,0.00
1990-06-09,0.00
1990-06-10,0.00
1990-06-11,0.00
1990-06-12,0.00
1990-06-13,0.00
1990-06-14,0.00
1990-06-15,2.38
1990-06-16,0.00
1990-06-17,0.00
1990-06-18,0.74
1990-06-19,11.96
1990-06-20,1.05
1990-06-21,0.54
1990-06-22,12.17
1990-06-23,3.60
1990-06-24,10.33
1990-06-25,0.00
1990-06-26,0.00
1990-06-27,5.74
1990-06-28,0.00
1990-06-29,0.00
1990-06-30,0.00
1990-06-31,-9999.99M
1990-07-01,0.00
1990-07-02,0.00
1990-07-03,2.78
1990-07-04,0.00
1990-07-05,0.00
1990-07-06,0.00
1990-07-07,1.15
1990-07-08,0.00
1990-07-09,2.68
1990-07-10,8.09
1990-07-11,0.00
1990-07-12,0.00
1990-07-13,0.00
1990-07-14,0.00
1990-07-15,0.00
1990-07-16,14.11
1990-07-17,0.00
1990-07-18,0.85
1990-07-19,0.74
1990-07-20,0.74
1990-07-21,0.30T
1990-07-22,0.00
1990-07-23,14.00
1990-07-24,13.09
1990-07-25,14.21
1990-07-26,0.00
1990-07-27,0.00
1990-07-28,0.00
1990-07-29,0.00
1990-07-30,4.42
1990-07-31,7.48
1990-08-01,24.71
1990-08-02,0.30T
1990-08-03,0.00
1990-08-04,0.00
1990-08-05,0.30T
1990-08-06,0.00
1990-08-07,0.74
1990-08-08,3.80
1990-08-09,2.78
1990-08-10,0.30T
1990-08-11,25.02
1990-08-12,0.74
1990-08-13,23.80
1990-08-14,29.51
1990-08-15,0.00
1990-08-16,0.00
1990-08-17,0.00
1990-08-18,6.05
1990-08-19,0.00
1990-08-20,0.00
1990-08-21,0.00
1990-08-22,0.00
1990-08-23,0.00
1990-08-24,0.00
1990-08-25,0.00
1990-08-26,0.00
1990-08-27,14.82
1990-08-28,3.40
1990-08-29,18.29
1990-08-30,0.00
1990-08-31,0.00
1990-09-01,0.00
1990-09-02,0.30T
1990-09-03,0.00
1990-09-04,0.00
1990-09-05,0.95
1990-09-06,0.00
1990-09-07,9.11
1990-09-08,0.00
1990-09-09,0.00
1990-09-10,0.30T
1990-09-11,0.54
1990-09-12,2.58
1990-09-13,0.30T
1990-09-14,5.44
1990-09-15,11.76
1990-09-16,0.30T
1990-09-17,0.00
1990-09-18,0.00
1990-09-19,0.00
1990-09-20,4.01
1990-09-21,0.00
1990-09-22,0.30T
1990-09-23,12.98
1990-09-24,0.30T
1990-09-25,0.00
1990-09-26,0.00
1990-09-27,0.00
1990-09-28,0.30T
1990-09-29,0.30T
1990-09-30,1.97
1990-09-31,-9999.99M
1990-10-01,5.23
1990-10-02,0.30T
1990-10-03,0.00
1990-10-04,2.58
1990-10-05,2.07
1990-10-06,9.72
1990-10-07,12.98
1990-10-08,7.88
1990-10-09,27.26
1990-10-10,0.00
1990-10-11,4.62
1990-10-12,4.42
1990-10-13,18.90
1990-10-14,23.69
1990-10-15,0.30T
1990-10-16,0.00
1990-10-17,1.76
1990-10-18,3.60
1990-10-19,7.07
1990-10-20,0.00
1990-10-21,0.00
1990-10-22,1.36
1990-10-23,3.40
1990-10-24,68.27
1990-10-25,0.00
1990-10-26,0.00
1990-10-27,0.00
1990-10-28,1.15
1990-10-29,1.56
1990-10-30,0.00
1990-10-31,0.00
1990-11-01,0.00
1990-11-02,1.36
1990-11-03,0.34
1990-11-04,8.19
1990-11-05,0.00
1990-11-06,0.00
1990-11-07,0.00
1990-11-08,0.00
1990-11-09,0.00
1990-11-10,2.17
1990-11-11,20.33
1990-11-12,0.00
1990-11-13,0.00
1990-11-14,0.00
1990-11-15,0.00
1990-11-16,9.11
1990-11-17,12.78
1990-11-18,0.00
1990-11-19,27.47
1990-11-20,3.19
1990-11-21,0.00
1990-11-22,0.30T
1990-11-23,6.25
1990-11-24,9.62
1990-11-25,0.30T
1990-11-26,0.30T
1990-11-27,3.09
1990-11-28,1.36
1990-11-29,0.00
1990-11-30,0.00
1990-11-31,-9999.99M
1990-12-01,0.00
1990-12-02,0.00
1990-12-03,0.00
1990-12-04,6.05
1990-12-05,2.78
1990-12-06,0.00
1990-12-07,0.00
1990-12-08,0.00
1990-12-09,0.00
1990-12-10,0.00
1990-12-11,0.00
1990-12-12,0.00
1990-12-13,0.30T
1990-12-14,0.00
1990-12-15,0.00
1990-12-16,0.00
1990-12-17,0.00
1990-12-18,2.99
1990-12-19,2.58
1990-12-20,0.00
1990-12-21,0.30T
1990-12-22,1.36
1990-12-23,9.21
1990-12-24,0.00
1990-12-25,0.00
1990-12-26,0.00
1990-12-27,0.00
1990-12-28,0.00
1990-12-29,0.34
1990-12-30,3.80
1990-12-31,0.00
1991-01-01,0.00
1991-01-02,0.00
1991-01-03,0.00
1991-01-04,0.00
1991-01-05,0.00
1991-01-06,0.00
1991-01-07,0.00
1991-01-08,0.00
1991-01-09,0.00
1991-01-10,0.00
1991-01-11,0.00
1991-01-12,0.00
1991-01-13,0.00
1991-01-14,0.00
1991-01-15,0.00
1991-01-16,0.00
1991-01-17,0.30T
1991-01-18,0.00
1991-01-19,0.00
1991-01-20,0.00
1991-01-21,0.00
1991-01-22,0.00
1991-01-23,0.00
1991-01-24,0.00
1991-01-25,0.00
1991-01-26,0.00
1991-01-27,0.00
1991-01-28,0.00
1991-01-29,0.00
1991-01-30,0.00
1991-01-31,0.00
1991-02-01,0.00
1991-02-02,0.00
1991-02-03,0.30T
1991-02-04,0.00
1991-02-05,0.00
1991-02-06,0.00
1991-02-07,0.00
1991-02-08,0.00
1991-02-09,0.00
1991-02-10,0.00
1991-02-11,0.00
1991-02-12,0.00
1991-02-13,0.00
1991-02-14,0.30T
1991-02-15,1.05
1991-02-16,0.00
1991-02-17,0.00
1991-02-18,0.00
1991-02-19,0.34
1991-02-20,3.09
1991-02-21,0.00
1991-02-22,0.00
1991-02-23,0.00
1991-02-24,0.00
1991-02-25,0.00
1991-02-26,0.00
1991-02-27,0.00
1991-02-28,0.00
1991-02-29,-9999.99M
1991-02-30,-9999.99M
1991-02-31,-9999.99M
1991-03-01,0.00
1991-03-02,14.92
1991-03-03,0.00
1991-03-04,0.30T
1991-03-05,2.38
1991-03-06,0.00
1991-03-07,0.00
1991-03-08,0.00
1991-03-09,0.00
1991-03-10,0.30T
1991-03-11,0.00
1991-03-12,0.00
1991-03-13,0.00
1991-03-14,0.00
1991-03-15,0.00
1991-03-16,0.00
1991-03-17,0.00
1991-03-18,0.00
1991-03-19,8.70
1991-03-20,1.25
1991-03-21,0.00
1991-03-22,0.00
1991-03-23,0.00
1991-03-24,0.00
1991-03-25,0.00
1991-03-26,0.00
1991-03-27,0.00
1991-03-28,24.61
1991-03-29,0.95
1991-03-30,0.00
1991-03-31,0.00
1991-04-01,0.00
1991-04-02,0.00
1991-04-03,0.00
1991-04-04,0.00
1991-04-05,1.36
1991-04-06,0.54
1991-04-07,0.64
1991-04-08,1.36
1991-04-09,3.09
1991-04-10,0.74
1991-04-11,0.30T
1991-04-12,0.00
1991-04-13,0.00
1991-04-14,0.00
1991-04-15,0.00
1991-04-16,0.00
1991-04-17,0.00
1991-04-18,0.00
1991-04-19,0.00
1991-04-20,0.00
1991-04-21,5.44
1991-04-22,26.55
1991-04-23,0.00
1991-04-24,0.00
1991-04-25,0.00
1991-04-26,0.30T
1991-04-27,0.00
1991-04-28,0.00
1991-04-29,0.00
1991-04-30,0.00
1991-04-31,-9999.99M
1991-05-01,2.17
1991-05-02,8.60
1991-05-03,23.18
1991-05-04,2.27
1991-05-05,0.00
1991-05-06,1.87
1991-05-07,11.76
1991-05-08,2.48
1991-05-09,0.00
1991-05-10,0.00
1991-05-11,4.42
1991-05-12,7.48
1991-05-13,0.00
1991-05-14,0.00
1991-05-15,0.00
1991-05-16,6.46
1991-05-17,11.56
1991-05-18,0.00
1991-05-19,0.00
1991-05-20,0.00
1991-05-21,0.30T
1991-05-22,0.00
1991-05-23,0.30T
1991-05-24,3.91
1991-05-25,0.30T
1991-05-26,0.00
1991-05-27,5.23
1991-05-28,1.76
1991-05-29,0.00
1991-05-30,0.00
1991-05-31,1.15
1991-06-01,13.09
1991-06-02,0.30T
1991-06-03,1.76
1991-06-04,0.54
1991-06-05,0.00
1991-06-06,0.00
1991-06-07,0.00
1991-06-08,0.00
1991-06-09,0.00
1991-06-10,0.30T
1991-06-11,0.30T
1991-06-12,4.42
1991-06-13,19.21
1991-06-14,0.34
1991-06-15,0.00
1991-06-16,0.00
1991-06-17,0.00
1991-06-18,0.00
1991-06-19,0.00
1991-06-20,0.34
1991-06-21,0.30T
1991-06-22,0.44
1991-06-23,0.00
1991-06-24,0.00
1991-06-25,0.00
1991-06-26,-9999.99M
1991-06-27,-9999.99M
1991-06-28,-9999.99M
1991-06-29,-9999.99M
1991-06-30,-9999.99M
1991-06-31,-9999.99M
1991-07-01,0.30T
1991-07-02,0.00
1991-07-03,0.00
1991-07-04,0.00
1991-07-05,2.99
1991-07-06,0.00
1991-07-07,1.76
1991-07-08,17.68
1991-07-09,3.60
1991-07-10,4.01
1991-07-11,1.15
1991-07-12,0.00
1991-07-13,0.54
1991-07-14,0.00
1991-07-15,0.00
1991-07-16,0.00
1991-07-17,0.00
1991-07-18,0.00
1991-07-19,0.00
1991-07-20,0.00
1991-07-21,0.95
1991-07-22,0.00
1991-07-23,1.97
1991-07-24,0.34
1991-07-25,0.00
1991-07-26,3.60
1991-07-27,4.11
1991-07-28,0.30T
1991-07-29,0.00
1991-07-30,0.00
1991-07-31,0.54
1991-08-01,4.82
1991-08-02,23.59
1991-08-03,1.15
1991-08-04,1.15
1991-08-05,4.42
1991-08-06,0.00
1991-08-07,0.00
1991-08-08,2.38
1991-08-09,0.00
1991-08-10,14.41
1991-08-11,32.98
1991-08-12,0.00
1991-08-13,0.00
1991-08-14,0.34
1991-08-15,0.00
1991-08-16,0.00
1991-08-17,0.54
1991-08-18,1.46
1991-08-19,17.06
1991-08-20,18.29
1991-08-21,9.31
1991-08-22,5.23
1991-08-23,2.38
1991-08-24,0.00
1991-08-25,0.00
1991-08-26,0.74
1991-08-27,1.36
1991-08-28,0.34
1991-08-29,0.00
1991-08-30,0.30T
1991-08-31,12.58
1991-09-01,0.00
1991-09-02,0.00
1991-09-03,0.00
1991-09-04,0.54
1991-09-05,0.00
1991-09-06,0.30T
1991-09-07,0.00
1991-09-08,0.00
1991-09-09,0.00
1991-09-10,6.86
1991-09-11,0.00
1991-09-12,0.00
1991-09-13,0.00
1991-09-14,0.00
1991-09-15,2.17
1991-09-16,7.88
1991-09-17,6.25
1991-09-18,0.00
1991-09-19,17.68
1991-09-20,0.00
1991-09-21,0.30T
1991-09-22,0.00
1991-09-23,1.36
1991-09-24,0.74
1991-09-25,38.08
1991-09-26,19.31
1991-09-27,0.00
1991-09-28,0.00
1991-09-29,0.30T
1991-09-30,0.00
1991-09-31,-9999.99M
1991-10-01,4.93
1991-10-02,8.29
1991-10-03,5.44
1991-10-04,0.00
1991-10-05,0.74
1991-10-06,1.36
1991-10-07,4.72
1991-10-08,0.00
1991-10-09,0.00
1991-10-10,0.54
1991-10-11,10.33
1991-10-12,25.02
1991-10-13,1.76
1991-10-14,1.36
1991-10-15,0.30T
1991-10-16,9.41
1991-10-17,0.00
1991-10-18,3.50
1991-10-19,3.50
1991-10-20,1.36
1991-10-21,0.00
1991-10-22,1.15
1991-10-23,0.00
1991-10-24,0.00
1991-10-25,0.00
1991-10-26,1.76
1991-10-27,32.16
1991-10-28,2.17
1991-10-29,0.00
1991-10-30,0.30T
1991-10-31,2.48
1991-11-01,3.80
1991-11-02,5.44
1991-11-03,0.34
1991-11-04,0.00
1991-11-05,0.00
1991-11-06,0.00
1991-11-07,1.56
1991-11-08,0.34
1991-11-09,0.00
1991-11-10,0.00
1991-11-11,0.00
1991-11-12,0.30T
1991-11-13,0.00
1991-11-14,0.00
1991-11-15,2.58
1991-11-16,1.15
1991-11-17,0.00
1991-11-18,0.00
1991-11-19,0.00
1991-11-20,5.23
1991-11-21,0.34
1991-11-22,0.00
1991-11-23,0.00
1991-11-24,7.37
1991-11-25,1.15
1991-11-26,0.00
1991-11-27,0.00
1991-11-28,0.00
1991-11-29,0.00
1991-11-30,0.30T
1991-11-31,-9999.99M
1991-12-01,0.00
1991-12-02,0.30T
1991-12-03,0.00
1991-12-04,0.00
1991-12-05,0.00
1991-12-06,0.00
1991-12-07,0.00
1991-12-08,0.00
1991-12-09,6.66
1991-12-10,0.00
1991-12-11,0.00
1991-12-12,0.00
1991-12-13,8.29
1991-12-14,0.00
1991-12-15,0.00
1991-12-16,0.00
1991-12-17,0.00
1991-12-18,0.00
1991-12-19,0.00
1991-12-20,0.00
1991-12-21,0.00
1991-12-22,0.00
1991-12-23,0.00
1991-12-24,0.00
1991-12-25,0.00
1991-12-26,0.00
1991-12-27,0.00
1991-12-28,0.00
1991-12-29,0.00
1991-12-30,0.00
1991-12-31,0.00
1992-01-01,0.00
1992-01-02,0.00
1992-01-03,0.00
1992-01-04,0.34
1992-01-05,18.08
1992-01-06,9.72
1992-01-07,0.00
1992-01-08,0.00
1992-01-09,0.00
1992-01-10,0.00
1992-01-11,0.00
1992-01-12,0.00
1992-01-13,0.00
1992-01-14,3.29
1992-01-15,7.27
1992-01-16,0.00
1992-01-17,0.00
1992-01-18,0.00
1992-01-19,0.00
1992-01-20,0.00
1992-01-21,0.00
1992-01-22,0.00
1992-01-23,2.17
1992-01-24,8.29
1992-01-25,0.00
1992-01-26,0.00
1992-01-27,0.00
1992-01-28,0.00
1992-01-29,0.00
1992-01-30,0.00
1992-01-31,0.00
1992-02-01,0.00
1992-02-02,0.00
1992-02-03,0.00
1992-02-04,0.00
1992-02-05,0.00
1992-02-06,0.00
1992-02-07,0.00
1992-02-08,0.00
1992-02-09,0.00
1992-02-10,0.00
1992-02-11,0.00
1992-02-12,0.00
1992-02-13,0.00
1992-02-14,0.00
1992-02-15,0.00
1992-02-16,0.00
1992-02-17,0.00
1992-02-18,0.00
1992-02-19,0.00
1992-02-20,0.00
1992-02-21,0.00
1992-02-22,0.00
1992-02-23,0.00
1992-02-24,0.00
1992-02-25,0.00
1992-02-26,0.00
1992-02-27,0.00
1992-02-28,0.00
1992-02-29,0.00
1992-02-30,-9999.99M
1992-02-31,-9999.99M
1992-03-01,0.00
1992-03-02,0.00
1992-03-03,0.00
1992-03-04,0.00
1992-03-05,0.00
1992-03-06,0.00
1992-03-07,0.00
1992-03-08,0.00
1992-03-09,0.00
1992-03-10,0.00
1992-03-11,2.58
1992-03-12,1.97
1992-03-13,0.00
1992-03-14,0.00
1992-03-15,0.00
1992-03-16,0.00
1992-03-17,0.00
1992-03-18,0.00
1992-03-19,0.00
1992-03-20,0.00
1992-03-21,0.00
1992-03-22,0.00
1992-03-23,0.00
1992-03-24,0.00
1992-03-25,0.00
1992-03-26,0.00
1992-03-27,2.38
1992-03-28,25.22
1992-03-29,1.76
1992-03-30,0.00
1992-03-31,0.00
1992-04-01,0.00
1992-04-02,0.00
1992-04-03,0.00
1992-04-04,0.00
1992-04-05,0.34
1992-04-06,0.00
1992-04-07,0.00
1992-04-08,0.00
1992-04-09,0.00
1992-04-10,0.30T
1992-04-11,0.00
1992-04-12,0.00
1992-04-13,0.00
1992-04-14,0.00
1992-04-15,0.00
1992-04-16,0.00
1992-04-17,0.00
1992-04-18,0.00
1992-04-19,0.00
1992-04-20,0.00
1992-04-21,12.98
1992-04-22,9.82
1992-04-23,0.95
1992-04-24,0.00
1992-04-25,0.00
1992-04-26,0.00
1992-04-27,0.00
1992-04-28,0.00
1992-04-29,0.00
1992-04-30,0.34
1992-04-31,-9999.99M
1992-05-01,1.56
1992-05-02,0.00
1992-05-03,0.30T
1992-05-04,0.30T
1992-05-05,0.00
1992-05-06,0.30T
1992-05-07,0.00
1992-05-08,0.00
1992-05-09,0.00
1992-05-10,0.00
1992-05-11,0.00
1992-05-12,0.00
1992-05-13,0.00
1992-05-14,5.64
1992-05-15,0.00
1992-05-16,0.30T
1992-05-17,0.00
1992-05-18,0.00
1992-05-19,0.00
1992-05-20,0.00
1992-05-21,3.60
1992-05-22,0.00
1992-05-23,0.54
1992-05-24,0.30T
1992-05-25,0.00
1992-05-26,0.00
1992-05-27,0.00
1992-05-28,1.56
1992-05-29,0.00
1992-05-30,0.00
1992-05-31,0.00
1992-06-01,3.60
1992-06-02,2.78
1992-06-03,3.19
1992-06-04,0.30T
1992-06-05,0.00
1992-06-06,1.15
1992-06-07,0.30T
1992-06-08,10.74
1992-06-09,2.99
1992-06-10,0.00
1992-06-11,0.00
1992-06-12,4.21
1992-06-13,2.58
1992-06-14,0.54
1992-06-15,0.00
1992-06-16,0.30T
1992-06-17,0.00
1992-06-18,0.00
1992-06-19,0.00
1992-06-20,0.00
1992-06-21,7.27
1992-06-22,13.19
1992-06-23,1.97
1992-06-24,0.34
1992-06-25,21.04
1992-06-26,5.44
1992-06-27,0.54
1992-06-28,3.29
1992-06-29,5.84
1992-06-30,18.29
1992-06-31,-9999.99M
1992-07-01,7.27
1992-07-02,0.30T
1992-07-03,0.00
1992-07-04,1.76
1992-07-05,3.19
1992-07-06,4.01
1992-07-07,0.74
1992-07-08,0.00
1992-07-09,18.08
1992-07-10,6.46
1992-07-11,0.95
1992-07-12,0.00
1992-07-13,5.74
1992-07-14,0.74
1992-07-15,0.00
1992-07-16,0.00
1992-07-17,1.36
1992-07-18,16.66
1992-07-19,0.00
1992-07-20,1.36
1992-07-21,8.50
1992-07-22,0.85
1992-07-23,2.89
1992-07-24,0.00
1992-07-25,0.00
1992-07-26,8.50
1992-07-27,6.97
1992-07-28,0.30T
1992-07-29,0.30T
1992-07-30,0.00
1992-07-31,0.00
1992-08-01,28.28
1992-08-02,2.17
1992-08-03,18.19
1992-08-04,19.72
1992-08-05,5.84
1992-08-06,0.30T
1992-08-07,0.00
1992-08-08,0.00
1992-08-09,0.00
1992-08-10,0.00
1992-08-11,4.82
1992-08-12,0.00
1992-08-13,0.00
1992-08-14,0.00
1992-08-15,0.00
1992-08-16,0.00
1992-08-17,0.00
1992-08-18,0.34
1992-08-19,16.86
1992-08-20,0.34
1992-08-21,0.00
1992-08-22,0.00
1992-08-23,0.00
1992-08-24,0.00
1992-08-25,1.97
1992-08-26,1.15
1992-08-27,16.25
1992-08-28,6.25
1992-08-29,1.36
1992-08-30,0.30T
1992-08-31,2.78
1992-09-01,4.01
1992-09-02,12.07
1992-09-03,0.34
1992-09-04,2.58
1992-09-05,0.30T
1992-09-06,0.30T
1992-09-07,0.30T
1992-09-08,0.34
1992-09-09,0.74
1992-09-10,0.00
1992-09-11,0.74
1992-09-12,0.00
1992-09-13,0.00
1992-09-14,0.00
1992-09-15,0.00
1992-09-16,0.00
1992-09-17,27.26
1992-09-18,9.21
1992-09-19,0.95
1992-09-20,0.00
1992-09-21,0.74
1992-09-22,7.27
1992-09-23,1.56
1992-09-24,0.00
1992-09-25,0.00
1992-09-26,0.00
1992-09-27,0.54
1992-09-28,0.00
1992-09-29,0.54
1992-09-30,0.00
1992-09-31,-9999.99M
1992-10-01,0.00
1992-10-02,4.01
1992-10-03,2.58
1992-10-04,0.00
1992-10-05,0.00
1992-10-06,0.00
1992-10-07,0.00
1992-10-08,0.00
1992-10-09,2.38
1992-10-10,4.72
1992-10-11,6.05
1992-10-12,5.23
1992-10-13,0.30T
1992-10-14,0.30T
1992-10-15,0.00
1992-10-16,2.58
1992-10-17,2.38
1992-10-18,0.00
1992-10-19,0.30T
1992-10-20,0.00
1992-10-21,0.30T
1992-10-22,1.05
1992-10-23,2.17
1992-10-24,5.03
1992-10-25,34.81
1992-10-26,42.46
1992-10-27,11.35
1992-10-28,0.00
1992-10-29,0.00
1992-10-30,0.00
1992-10-31,0.00
1992-11-01,0.00
1992-11-02,0.00
1992-11-03,0.00
1992-11-04,4.21
1992-11-05,0.54
1992-11-06,0.30T
1992-11-07,0.00
1992-11-08,0.00
1992-11-09,0.00
1992-11-10,0.00
1992-11-11,0.34
1992-11-12,0.00
1992-11-13,15.02
1992-11-14,0.00
1992-11-15,0.00
1992-11-16,0.00
1992-11-17,0.00
1992-11-18,0.00
1992-11-19,0.00
1992-11-20,0.00
1992-11-21,0.00
1992-11-22,1.15
1992-11-23,0.00
1992-11-24,0.00
1992-11-25,0.00
1992-11-26,6.15
1992-11-27,0.34
1992-11-28,0.00
1992-11-29,0.00
1992-11-30,0.00
1992-11-31,-9999.99M
1992-12-01,0.00
1992-12-02,0.00
1992-12-03,0.00
1992-12-04,0.00
1992-12-05,0.00
1992-12-06,0.00
1992-12-07,0.00
1992-12-08,0.00
1992-12-09,0.00
1992-12-10,0.00
1992-12-11,0.00
1992-12-12,0.00
1992-12-13,0.00
1992-12-14,0.00
1992-12-15,0.00
1992-12-16,0.30T
1992-12-17,5.64
1992-12-18,0.30T
1992-12-19,0.00
1992-12-20,0.00
1992-12-21,0.00
1992-12-22,0.00
1992-12-23,0.00
1992-12-24,0.00
1992-12-25,0.00
1992-12-26,0.00
1992-12-27,0.00
1992-12-28,0.00
1992-12-29,0.00
1992-12-30,0.00
1992-12-31,0.00
1993-01-01,0.00
1993-01-02,0.00
1993-01-03,0.30T
1993-01-04,1.36
1993-01-05,0.95
1993-01-06,0.00
1993-01-07,0.00
1993-01-08,0.00
1993-01-09,0.00
1993-01-10,0.00
1993-01-11,0.00
1993-01-12,0.00
1993-01-13,0.00
1993-01-14,0.00
1993-01-15,0.00
1993-01-16,0.00
1993-01-17,0.00
1993-01-18,0.00
1993-01-19,0.00
1993-01-20,0.00
1993-01-21,0.00
1993-01-22,0.00
1993-01-23,9.92
1993-01-24,0.30T
1993-01-25,2.78
1993-01-26,0.00
1993-01-27,0.00
1993-01-28,0.00
1993-01-29,0.00
1993-01-30,0.00
1993-01-31,0.00
1993-02-01,0.00
1993-02-02,0.00
1993-02-03,0.00
1993-02-04,0.00
1993-02-05,0.00
1993-02-06,0.00
1993-02-07,0.00
1993-02-08,0.00
1993-02-09,0.00
1993-02-10,0.00
1993-02-11,0.00
1993-02-12,0.00
1993-02-13,0.54
1993-02-14,0.00
1993-02-15,0.00
1993-02-16,0.00
1993-02-17,0.00
1993-02-18,0.00
1993-02-19,0.00
1993-02-20,0.00
1993-02-21,0.00
1993-02-22,0.00
1993-02-23,0.00
1993-02-24,0.00
1993-02-25,0.00
1993-02-26,0.00
1993-02-27,0.00
1993-02-28,0.00
1993-02-29,-9999.99M
1993-02-30,-9999.99M
1993-02-31,-9999.99M
1993-03-01,0.00
1993-03-02,0.00
1993-03-03,0.00
1993-03-04,0.00
1993-03-05,0.00
1993-03-06,0.00
1993-03-07,0.00
1993-03-08,0.00
1993-03-09,0.00
1993-03-10,0.00
1993-03-11,0.00
1993-03-12,0.00
1993-03-13,0.00
1993-03-14,0.00
1993-03-15,0.00
1993-03-16,0.00
1993-03-17,0.34
1993-03-18,0.00
1993-03-19,0.00
1993-03-20,0.00
1993-03-21,0.00
1993-03-22,0.00
1993-03-23,0.00
1993-03-24,0.00
1993-03-25,0.00
1993-03-26,0.00
1993-03-27,0.00
1993-03-28,0.00
1993-03-29,0.00
1993-03-30,0.00
1993-03-31,0.00
1993-04-01,0.00
1993-04-02,0.00
1993-04-03,0.00
1993-04-04,0.00
1993-04-05,0.00
1993-04-06,0.00
1993-04-07,0.00
1993-04-08,0.00
1993-04-09,0.00
1993-04-10,0.00
1993-04-11,0.74
1993-04-12,0.95
1993-04-13,0.00
1993-04-14,0.00
1993-04-15,0.00
1993-04-16,1.15
1993-04-17,2.17
1993-04-18,0.00
1993-04-19,2.17
1993-04-20,1.97
1993-04-21,5.84
1993-04-22,1.56
1993-04-23,6.05
1993-04-24,0.00
1993-04-25,7.27
1993-04-26,0.30T
1993-04-27,0.00
1993-04-28,0.30T
1993-04-29,0.30T
1993-04-30,0.30T
1993-04-31,-9999.99M
1993-05-01,0.00
1993-05-02,0.00
1993-05-03,0.00
1993-05-04,0.30T
1993-05-05,1.56
1993-05-06,6.66
1993-05-07,0.00
1993-05-08,0.00
1993-05-09,0.00
1993-05-10,0.00
1993-05-11,1.76
1993-05-12,9.41
1993-05-13,15.53
1993-05-14,0.00
1993-05-15,0.00
1993-05-16,0.30T
1993-05-17,0.54
1993-05-18,0.00
1993-05-19,0.00
1993-05-20,2.17
1993-05-21,3.19
1993-05-22,0.00
1993-05-23,0.30T
1993-05-24,0.00
1993-05-25,7.48
1993-05-26,2.99
1993-05-27,0.85
1993-05-28,0.00
1993-05-29,11.35
1993-05-30,18.90
1993-05-31,0.54
1993-06-01,30.94
1993-06-02,3.40
1993-06-03,1.56
1993-06-04,4.01
1993-06-05,0.00
1993-06-06,0.34
1993-06-07,12.98
1993-06-08,0.00
1993-06-09,0.00
1993-06-10,19.82
1993-06-11,0.00
1993-06-12,0.00
1993-06-13,0.00
1993-06-14,0.00
1993-06-15,0.00
1993-06-16,0.30T
1993-06-17,0.00
1993-06-18,0.30T
1993-06-19,0.00
1993-06-20,0.00
1993-06-21,0.30T
1993-06-22,1.36
1993-06-23,9.31
1993-06-24,0.00
1993-06-25,0.00
1993-06-26,0.95
1993-06-27,0.30T
1993-06-28,16.45
1993-06-29,0.30T
1993-06-30,0.00
1993-06-31,-9999.99M
1993-07-01,0.00
1993-07-02,0.00
1993-07-03,12.98
1993-07-04,1.76
1993-07-05,0.00
1993-07-06,0.30T
1993-07-07,0.00
1993-07-08,0.00
1993-07-09,0.00
1993-07-10,9.72
1993-07-11,0.54
1993-07-12,10.54
1993-07-13,15.23
1993-07-14,0.54
1993-07-15,6.66
1993-07-16,7.27
1993-07-17,0.00
1993-07-18,0.00
1993-07-19,0.00
1993-07-20,17.68
1993-07-21,4.93
1993-07-22,0.54
1993-07-23,2.78
1993-07-24,3.40
1993-07-25,0.30T
1993-07-26,0.00
1993-07-27,2.58
1993-07-28,7.07
1993-07-29,2.78
1993-07-30,4.52
1993-07-31,0.95
1993-08-01,0.00
1993-08-02,0.74
1993-08-03,0.00
1993-08-04,6.25
1993-08-05,5.84
1993-08-06,0.00
1993-08-07,0.00
1993-08-08,0.00
1993-08-09,5.64
1993-08-10,0.54
1993-08-11,0.30T
1993-08-12,0.00
1993-08-13,0.00
1993-08-14,0.00
1993-08-15,0.00
1993-08-16,4.21
1993-08-17,23.29
1993-08-18,5.23
1993-08-19,0.00
1993-08-20,5.84
1993-08-21,0.00
1993-08-22,0.00
1993-08-23,0.00
1993-08-24,10.64
1993-08-25,7.68
1993-08-26,0.30T
1993-08-27,0.30T
1993-08-28,7.27
1993-08-29,0.00
1993-08-30,0.00
1993-08-31,8.29
1993-09-01,1.36
1993-09-02,0.00
1993-09-03,19.92
1993-09-04,5.23
1993-09-05,0.74
1993-09-06,12.37
1993-09-07,4.42
1993-09-08,0.00
1993-09-09,0.00
1993-09-10,16.55
1993-09-11,11.35
1993-09-12,0.00
1993-09-13,0.30T
1993-09-14,0.30T
1993-09-15,2.58
1993-09-16,0.00
1993-09-17,0.00
1993-09-18,3.80
1993-09-19,1.36
1993-09-20,0.00
1993-09-21,0.00
1993-09-22,0.00
1993-09-23,1.46
1993-09-24,0.00
1993-09-25,0.00
1993-09-26,7.88
1993-09-27,14.62
1993-09-28,7.27
1993-09-29,0.30T
1993-09-30,0.00
1993-09-31,-9999.99M
1993-10-01,0.00
1993-10-02,3.50
1993-10-03,12.88
1993-10-04,2.89
1993-10-05,0.30T
1993-10-06,0.30T
1993-10-07,1.97
1993-10-08,0.34
1993-10-09,11.56
1993-10-10,0.34
1993-10-11,0.00
1993-10-12,7.07
1993-10-13,24.61
1993-10-14,0.00
1993-10-15,0.00
1993-10-16,0.00
1993-10-17,6.97
1993-10-18,0.30T
1993-10-19,0.00
1993-10-20,0.00
1993-10-21,16.45
1993-10-22,0.74
1993-10-23,0.30T
1993-10-24,0.00
1993-10-25,0.00
1993-10-26,0.00
1993-10-27,4.82
1993-10-28,10.13
1993-10-29,0.54
1993-10-30,2.58
1993-10-31,0.00
1993-11-01,0.00
1993-11-02,0.00
1993-11-03,0.30T
1993-11-04,0.30T
1993-11-05,8.19
1993-11-06,9.72
1993-11-07,0.00
1993-11-08,0.00
1993-11-09,1.56
1993-11-10,0.00
1993-11-11,0.00
1993-11-12,0.00
1993-11-13,0.00
1993-11-14,0.30T
1993-11-15,0.00
1993-11-16,0.00
1993-11-17,1.15
1993-11-18,0.00
1993-11-19,3.80
1993-11-20,6.86
1993-11-21,0.00
1993-11-22,0.30T
1993-11-23,0.00
1993-11-24,0.00
1993-11-25,0.00
1993-11-26,0.00
1993-11-27,0.00
1993-11-28,1.15
1993-11-29,0.00
1993-11-30,0.00
1993-11-31,-9999.99M
1993-12-01,0.00
1993-12-02,0.00
1993-12-03,0.00
1993-12-04,0.00
1993-12-05,0.00
1993-12-06,0.00
1993-12-07,0.00
1993-12-08,0.00
1993-12-09,0.00
1993-12-10,2.58
1993-12-11,12.58
1993-12-12,2.17
1993-12-13,0.00
1993-12-14,0.30T
1993-12-15,0.00
1993-12-16,0.00
1993-12-17,0.00
1993-12-18,0.00
1993-12-19,0.00
1993-12-20,0.00
1993-12-21,4.21
1993-12-22,9.41
1993-12-23,0.00
1993-12-24,0.00
1993-12-25,0.00
1993-12-26,0.00
1993-12-27,0.00
1993-12-28,0.00
1993-12-29,0.00
1993-12-30,0.00
1993-12-31,0.00
1994-01-01,0.00
1994-01-02,0.00
1994-01-03,0.00
1994-01-04,0.00
1994-01-05,0.00
1994-01-06,0.00
1994-01-07,0.00
1994-01-08,0.00
1994-01-09,0.00
1994-01-10,0.00
1994-01-11,0.00
1994-01-12,0.00
1994-01-13,0.00
1994-01-14,0.00
1994-01-15,0.00
1994-01-16,0.00
1994-01-17,0.00
1994-01-18,0.00
1994-01-19,0.00
1994-01-20,0.00
1994-01-21,0.00
1994-01-22,0.00
1994-01-23,0.00
1994-01-24,0.00
1994-01-25,0.00
1994-01-26,0.00
1994-01-27,0.00
1994-01-28,19.51
1994-01-29,1.76
1994-01-30,0.00
1994-01-31,0.00
1994-02-01,0.00
1994-02-02,0.00
1994-02-03,0.00
1994-02-04,0.00
1994-02-05,0.00
1994-02-06,0.00
1994-02-07,0.00
1994-02-08,0.00
1994-02-09,0.00
1994-02-10,0.00
1994-02-11,0.00
1994-02-12,0.00
1994-02-13,0.00
1994-02-14,0.00
1994-02-15,0.00
1994-02-16,0.00
1994-02-17,0.00
1994-02-18,0.00
1994-02-19,0.00
1994-02-20,0.30T
1994-02-21,0.00
1994-02-22,0.00
1994-02-23,0.00
1994-02-24,0.00
1994-02-25,0.00
1994-02-26,0.00
1994-02-27,0.00
1994-02-28,0.00
1994-02-29,-9999.99M
1994-02-30,-9999.99M
1994-02-31,-9999.99M
1994-03-01,0.00
1994-03-02,0.00
1994-03-03,0.00
1994-03-04,0.00
1994-03-05,0.00
1994-03-06,0.00
1994-03-07,0.00
1994-03-08,0.30T
1994-03-09,0.00
1994-03-10,0.00
1994-03-11,0.00
1994-03-12,0.00
1994-03-13,0.00
1994-03-14,0.00
1994-03-15,1.15
1994-03-16,3.19
1994-03-17,3.40
1994-03-18,0.00
1994-03-19,0.00
1994-03-20,0.00
1994-03-21,0.00
1994-03-22,0.00
1994-03-23,0.00
1994-03-24,0.00
1994-03-25,0.30T
1994-03-26,0.00
1994-03-27,0.00
1994-03-28,0.30T
1994-03-29,0.00
1994-03-30,0.00
1994-03-31,0.00
1994-04-01,0.00
1994-04-02,0.00
1994-04-03,10.94
1994-04-04,0.00
1994-04-05,0.30T
1994-04-06,2.99
1994-04-07,0.00
1994-04-08,0.00
1994-04-09,0.00
1994-04-10,1.76
1994-04-11,0.00
1994-04-12,0.00
1994-04-13,4.42
1994-04-14,8.50
1994-04-15,0.00
1994-04-16,0.95
1994-04-17,0.34
1994-04-18,1.15
1994-04-19,0.74
1994-04-20,9.11
1994-04-21,0.00
1994-04-22,0.00
1994-04-23,0.00
1994-04-24,0.00
1994-04-25,0.00
1994-04-26,0.00
1994-04-27,11.25
1994-04-28,0.30T
1994-04-29,0.00
1994-04-30,0.00
1994-04-31,-9999.99M
1994-05-01,8.09
1994-05-02,5.23
1994-05-03,0.00
1994-05-04,0.00
1994-05-05,4.01
1994-05-06,21.55
1994-05-07,0.30T
1994-05-08,5.23
1994-05-09,7.68
1994-05-10,1.76
1994-05-11,0.00
1994-05-12,4.62
1994-05-13,29.51
1994-05-14,12.98
1994-05-15,0.00
1994-05-16,0.00
1994-05-17,0.34
1994-05-18,3.19
1994-05-19,0.00
1994-05-20,0.00
1994-05-21,0.00
1994-05-22,8.90
1994-05-23,0.00
1994-05-24,0.00
1994-05-25,0.00
1994-05-26,8.70
1994-05-27,12.17
1994-05-28,2.38
1994-05-29,0.54
1994-05-30,10.23
1994-05-31,24.00
1994-06-01,1.76
1994-06-02,27.77
1994-06-03,3.40
1994-06-04,0.54
1994-06-05,0.00
1994-06-06,16.86
1994-06-07,11.05
1994-06-08,16.25
1994-06-09,2.17
1994-06-10,0.00
1994-06-11,0.00
1994-06-12,0.74
1994-06-13,0.74
1994-06-14,22.57
1994-06-15,0.00
1994-06-16,0.00
1994-06-17,0.00
1994-06-18,0.54
1994-06-19,0.00
1994-06-20,0.00
1994-06-21,5.23
1994-06-22,0.54
1994-06-23,0.30T
1994-06-24,0.00
1994-06-25,0.30T
1994-06-26,2.78
1994-06-27,2.58
1994-06-28,2.99
1994-06-29,0.00
1994-06-30,6.66
1994-06-31,-9999.99M
1994-07-01,17.27
1994-07-02,9.21
1994-07-03,0.00
1994-07-04,0.00
1994-07-05,2.99
1994-07-06,0.00
1994-07-07,10.74
1994-07-08,0.54
1994-07-09,2.78
1994-07-10,0.30T
1994-07-11,0.00
1994-07-12,0.30T
1994-07-13,6.46
1994-07-14,0.00
1994-07-15,0.00
1994-07-16,8.70
1994-07-17,0.00
1994-07-18,3.19
1994-07-19,8.50
1994-07-20,0.54
1994-07-21,0.00
1994-07-22,0.54
1994-07-23,6.66
1994-07-24,1.76
1994-07-25,2.38
1994-07-26,17.78
1994-07-27,33.59
1994-07-28,2.17
1994-07-29,2.38
1994-07-30,0.00
1994-07-31,6.46
1994-08-01,0.00
1994-08-02,0.34
1994-08-03,4.01
1994-08-04,0.00
1994-08-05,2.48
1994-08-06,0.00
1994-08-07,0.00
1994-08-08,0.00
1994-08-09,1.05
1994-08-10,0.00
1994-08-11,1.97
1994-08-12,0.00
1994-08-13,0.00
1994-08-14,6.25
1994-08-15,0.00
1994-08-16,0.00
1994-08-17,0.00
1994-08-18,0.00
1994-08-19,0.00
1994-08-20,0.00
1994-08-21,6.46
1994-08-22,0.00
1994-08-23,0.00
1994-08-24,0.00
1994-08-25,0.00
1994-08-26,0.30T
1994-08-27,0.30T
1994-08-28,12.58
1994-08-29,0.30T
1994-08-30,0.30T
1994-08-31,0.00
1994-09-01,0.00
1994-09-02,0.00
1994-09-03,0.00
1994-09-04,0.00
1994-09-05,1.76
1994-09-06,48.79
1994-09-07,1.15
1994-09-08,0.30T
1994-09-09,1.76
1994-09-10,0.00
1994-09-11,9.52
1994-09-12,1.05
1994-09-13,0.30T
1994-09-14,0.00
1994-09-15,0.00
1994-09-16,2.78
1994-09-17,14.41
1994-09-18,0.00
1994-09-19,0.54
1994-09-20,0.00
1994-09-21,0.00
1994-09-22,0.00
1994-09-23,0.00
1994-09-24,0.00
1994-09-25,0.00
1994-09-26,0.54
1994-09-27,0.00
1994-09-28,8.29
1994-09-29,15.94
1994-09-30,1.25
1994-09-31,-9999.99M
1994-10-01,0.00
1994-10-02,0.54
1994-10-03,1.36
1994-10-04,0.30T
1994-10-05,0.34
1994-10-06,0.00
1994-10-07,0.00
1994-10-08,0.00
1994-10-09,0.00
1994-10-10,0.34
1994-10-11,0.30T
1994-10-12,0.00
1994-10-13,0.00
1994-10-14,0.30T
1994-10-15,0.00
1994-10-16,0.00
1994-10-17,0.00
1994-10-18,0.00
1994-10-19,0.00
1994-10-20,2.07
1994-10-21,12.68
1994-10-22,6.56
1994-10-23,2.38
1994-10-24,0.30T
1994-10-25,2.99
1994-10-26,0.00
1994-10-27,0.00
1994-10-28,0.00
1994-10-29,0.00
1994-10-30,1.05
1994-10-31,0.00
1994-11-01,26.86
1994-11-02,57.86
1994-11-03,2.17
1994-11-04,0.00
1994-11-05,10.33
1994-11-06,7.88
1994-11-07,3.70
1994-11-08,0.00
1994-11-09,0.00
1994-11-10,0.00
1994-11-11,0.00
1994-11-12,0.00
1994-11-13,0.30T
1994-11-14,3.40
1994-11-15,1.46
1994-11-16,0.00
1994-11-17,0.00
1994-11-18,0.00
1994-11-19,2.38
1994-11-20,0.00
1994-11-21,1.76
1994-11-22,6.25
1994-11-23,0.00
1994-11-24,0.00
1994-11-25,0.00
1994-11-26,0.00
1994-11-27,0.00
1994-11-28,0.00
1994-11-29,0.00
1994-11-30,0.00
1994-11-31,-9999.99M
1994-12-01,0.00
1994-12-02,0.00
1994-12-03,0.00
1994-12-04,0.30T
1994-12-05,0.00
1994-12-06,0.30T
1994-12-07,0.00
1994-12-08,0.00
1994-12-09,0.00
1994-12-10,0.00
1994-12-11,0.00
1994-12-12,0.00
1994-12-13,0.00
1994-12-14,0.00
1994-12-15,0.00
1994-12-16,0.00
1994-12-17,0.00
1994-12-18,0.00
1994-12-19,0.00
1994-12-20,0.00
1994-12-21,0.00
1994-12-22,0.00
1994-12-23,0.00
1994-12-24,0.00
1994-12-25,0.00
1994-12-26,0.00
1994-12-27,0.00
1994-12-28,0.00
1994-12-29,0.00
1994-12-30,0.00
1994-12-31,0.00
1995-01-01,0.00
1995-01-02,0.00
1995-01-03,0.00
1995-01-04,0.00
1995-01-05,0.00
1995-01-06,0.00
1995-01-07,0.00
1995-01-08,0.00
1995-01-09,0.00
1995-01-10,0.00
1995-01-11,0.00
1995-01-12,0.00
1995-01-13,0.00
1995-01-14,1.46
1995-01-15,5.33
1995-01-16,17.68
1995-01-17,0.00
1995-01-18,0.00
1995-01-19,0.30T
1995-01-20,0.30T
1995-01-21,0.30T
1995-01-22,0.00
1995-01-23,0.00
1995-01-24,0.00
1995-01-25,0.00
1995-01-26,0.00
1995-01-27,0.00
1995-01-28,0.00
1995-01-29,0.00
1995-01-30,0.00
1995-01-31,0.00
1995-02-01,0.00
1995-02-02,0.00
1995-02-03,0.00
1995-02-04,0.00
1995-02-05,0.00
1995-02-06,0.00
1995-02-07,0.00
1995-02-08,0.00
1995-02-09,0.00
1995-02-10,0.00
1995-02-11,0.00
1995-02-12,0.00
1995-02-13,0.00
1995-02-14,0.00
1995-02-15,0.00
1995-02-16,0.00
1995-02-17,0.00
1995-02-18,0.00
1995-02-19,0.00
1995-02-20,0.00
1995-02-21,0.00
1995-02-22,0.00
1995-02-23,0.00
1995-02-24,2.58
1995-02-25,0.00
1995-02-26,0.00
1995-02-27,0.00
1995-02-28,0.00
1995-02-29,-9999.99M
1995-02-30,-9999.99M
1995-02-31,-9999.99M
1995-03-01,0.00
1995-03-02,0.00
1995-03-03,0.00
1995-03-04,0.00
1995-03-05,0.00
1995-03-06,0.00
1995-03-07,0.00
1995-03-08,8.50
1995-03-09,3.80
1995-03-10,0.00
1995-03-11,0.00
1995-03-12,0.00
1995-03-13,0.00
1995-03-14,0.00
1995-03-15,0.30T
1995-03-16,0.00
1995-03-17,0.00
1995-03-18,0.00
1995-03-19,0.00
1995-03-20,0.00
1995-03-21,2.38
1995-03-22,8.29
1995-03-23,0.00
1995-03-24,0.00
1995-03-25,0.00
1995-03-26,0.00
1995-03-27,0.00
1995-03-28,0.00
1995-03-29,0.00
1995-03-30,0.00
1995-03-31,0.34
1995-04-01,0.00
1995-04-02,0.00
1995-04-03,0.00
1995-04-04,0.00
1995-04-05,0.00
1995-04-06,0.00
1995-04-07,0.00
1995-04-08,0.00
1995-04-09,0.00
1995-04-10,0.00
1995-04-11,0.00
1995-04-12,0.74
1995-04-13,14.00
1995-04-14,10.54
1995-04-15,11.15
1995-04-16,0.00
1995-04-17,0.00
1995-04-18,0.00
1995-04-19,2.58
1995-04-20,1.15
1995-04-21,0.00
1995-04-22,9.21
1995-04-23,0.00
1995-04-24,0.00
1995-04-25,0.00
1995-04-26,0.00
1995-04-27,0.00
1995-04-28,0.00
1995-04-29,0.00
1995-04-30,0.00
1995-04-31,-9999.99M
1995-05-01,0.00
1995-05-02,0.00
1995-05-03,0.00
1995-05-04,0.00
1995-05-05,0.30T
1995-05-06,10.94
1995-05-07,1.15
1995-05-08,0.00
1995-05-09,0.00
1995-05-10,0.00
1995-05-11,0.00
1995-05-12,0.00
1995-05-13,0.30T
1995-05-14,0.00
1995-05-15,1.15
1995-05-16,0.74
1995-05-17,0.54
1995-05-18,3.40
1995-05-19,0.30T
1995-05-20,0.30T
1995-05-21,1.97
1995-05-22,15.02
1995-05-23,0.00
1995-05-24,9.52
1995-05-25,0.00
1995-05-26,0.00
1995-05-27,0.00
1995-05-28,0.00
1995-05-29,9.01
1995-05-30,2.99
1995-05-31,1.97
1995-06-01,0.00
1995-06-02,5.03
1995-06-03,3.09
1995-06-04,0.00
1995-06-05,0.00
1995-06-06,0.54
1995-06-07,0.30T
1995-06-08,0.00
1995-06-09,0.00
1995-06-10,0.00
1995-06-11,7.99
1995-06-12,9.01
1995-06-13,0.00
1995-06-14,0.00
1995-06-15,0.00
1995-06-16,0.00
1995-06-17,0.74
1995-06-18,0.00
1995-06-19,0.30T
1995-06-20,0.00
1995-06-21,0.00
1995-06-22,0.00
1995-06-23,0.00
1995-06-24,3.40
1995-06-25,22.47
1995-06-26,0.00
1995-06-27,0.00
1995-06-28,0.00
1995-06-29,0.00
1995-06-30,2.58
1995-06-31,-9999.99M
1995-07-01,9.92
1995-07-02,5.44
1995-07-03,0.00
1995-07-04,0.00
1995-07-05,0.00
1995-07-06,0.00
1995-07-07,0.00
1995-07-08,0.54
1995-07-09,1.76
1995-07-10,0.30T
1995-07-11,0.00
1995-07-12,0.00
1995-07-13,0.74
1995-07-14,0.00
1995-07-15,0.00
1995-07-16,0.00
1995-07-17,0.00
1995-07-18,1.56
1995-07-19,2.38
1995-07-20,15.23
1995-07-21,16.45
1995-07-22,0.00
1995-07-23,6.66
1995-07-24,35.02
1995-07-25,0.74
1995-07-26,5.95
1995-07-27,0.00
1995-07-28,0.00
1995-07-29,1.56
1995-07-30,0.00
1995-07-31,0.00
1995-08-01,6.25
1995-08-02,3.60
1995-08-03,0.00
1995-08-04,4.21
1995-08-05,0.00
1995-08-06,0.00
1995-08-07,0.00
1995-08-08,0.00
1995-08-09,0.00
1995-08-10,0.00
1995-08-11,0.00
1995-08-12,0.54
1995-08-13,0.00
1995-08-14,0.00
1995-08-15,0.54
1995-08-16,0.00
1995-08-17,0.00
1995-08-18,0.00
1995-08-19,0.00
1995-08-20,0.00
1995-08-21,0.00
1995-08-22,0.44
1995-08-23,0.00
1995-08-24,14.51
1995-08-25,0.30T
1995-08-26,0.00
1995-08-27,0.00
1995-08-28,0.00
1995-08-29,2.89
1995-08-30,0.00
1995-08-31,0.00
1995-09-01,5.84
1995-09-02,0.00
1995-09-03,0.00
1995-09-04,0.00
1995-09-05,8.50
1995-09-06,0.00
1995-09-07,14.21
1995-09-08,0.00
1995-09-09,0.00
1995-09-10,0.00
1995-09-11,0.00
1995-09-12,0.00
1995-09-13,0.30T
1995-09-14,1.15
1995-09-15,0.00
1995-09-16,0.00
1995-09-17,4.42
1995-09-18,3.60
1995-09-19,0.00
1995-09-20,0.00
1995-09-21,0.00
1995-09-22,1.36
1995-09-23,0.54
1995-09-24,0.00
1995-09-25,0.00
1995-09-26,0.00
1995-09-27,3.60
1995-09-28,0.54
1995-09-29,0.00
1995-09-30,0.00
1995-09-31,-9999.99M
1995-10-01,0.00
1995-10-02,0.34
1995-10-03,0.00
1995-10-04,1.56
1995-10-05,0.34
1995-10-06,0.34
1995-10-07,6.66
1995-10-08,14.41
1995-10-09,2.99
1995-10-10,2.38
1995-10-11,6.66
1995-10-12,5.64
1995-10-13,2.58
1995-10-14,1.66
1995-10-15,1.87
1995-10-16,0.54
1995-10-17,0.30T
1995-10-18,2.27
1995-10-19,0.00
1995-10-20,0.00
1995-10-21,0.00
1995-10-22,10.94
1995-10-23,0.54
1995-10-24,0.00
1995-10-25,0.74
1995-10-26,0.00
1995-10-27,0.54
1995-10-28,55.01
1995-10-29,4.42
1995-10-30,0.00
1995-10-31,0.00
1995-11-01,0.00
1995-11-02,0.30T
1995-11-03,13.19
1995-11-04,2.17
1995-11-05,0.00
1995-11-06,0.00
1995-11-07,5.84
1995-11-08,20.53
1995-11-09,0.00
1995-11-10,0.00
1995-11-11,0.30T
1995-11-12,1.76
1995-11-13,0.00
1995-11-14,0.00
1995-11-15,15.43
1995-11-16,0.00
1995-11-17,0.00
1995-11-18,0.00
1995-11-19,0.00
1995-11-20,0.00
1995-11-21,0.00
1995-11-22,4.82
1995-11-23,0.00
1995-11-24,0.00
1995-11-25,0.00
1995-11-26,0.00
1995-11-27,0.00
1995-11-28,0.00
1995-11-29,0.00
1995-11-30,0.00
1995-11-31,-9999.99M
1995-12-01,0.00
1995-12-02,0.00
1995-12-03,0.00
1995-12-04,0.00
1995-12-05,0.00
1995-12-06,0.00
1995-12-07,0.00
1995-12-08,0.00
1995-12-09,0.00
1995-12-10,0.00
1995-12-11,0.00
1995-12-12,0.00
1995-12-13,0.00
1995-12-14,0.00
1995-12-15,0.00
1995-12-16,0.00
1995-12-17,0.00
1995-12-18,0.00
1995-12-19,0.00
1995-12-20,0.00
1995-12-21,2.58
1995-12-22,0.30T
1995-12-23,0.00
1995-12-24,0.00
1995-12-25,0.00
1995-12-26,1.97
1995-12-27,0.30T
1995-12-28,0.00
1995-12-29,0.00
1995-12-30,0.00
1995-12-31,0.00
1996-01-01,0.00
1996-01-02,0.00
1996-01-03,0.00
1996-01-04,0.00
1996-01-05,0.00
1996-01-06,0.00
1996-01-07,0.00
1996-01-08,0.00
1996-01-09,0.00
1996-01-10,0.00
1996-01-11,0.00
1996-01-12,0.00
1996-01-13,0.00
1996-01-14,0.00
1996-01-15,0.00
1996-01-16,0.00
1996-01-17,0.30T
1996-01-18,0.30T
1996-01-19,0.30T
1996-01-20,0.00
1996-01-21,0.00
1996-01-22,0.00
1996-01-23,0.00
1996-01-24,11.96
1996-01-25,3.40
1996-01-26,0.00
1996-01-27,0.00
1996-01-28,7.07
1996-01-29,0.00
1996-01-30,0.00
1996-01-31,0.00
1996-02-01,0.00
1996-02-02,0.00
1996-02-03,0.00
1996-02-04,0.00
1996-02-05,0.00
1996-02-06,0.00
1996-02-07,0.00
1996-02-08,0.00
1996-02-09,0.00
1996-02-10,0.00
1996-02-11,0.00
1996-02-12,0.00
1996-02-13,0.00
1996-02-14,0.00
1996-02-15,0.00
1996-02-16,0.00
1996-02-17,1.15
1996-02-18,0.00
1996-02-19,0.00
1996-02-20,0.00
1996-02-21,1.05
1996-02-22,9.62
1996-02-23,0.30T
1996-02-24,6.86
1996-02-25,12.47
1996-02-26,0.00
1996-02-27,0.00
1996-02-28,0.00
1996-02-29,0.00
1996-02-30,-9999.99M
1996-02-31,-9999.99M
1996-03-01,0.00
1996-03-02,0.00
1996-03-03,0.00
1996-03-04,0.00
1996-03-05,0.00
1996-03-06,0.00
1996-03-07,0.00
1996-03-08,0.00
1996-03-09,0.00
1996-03-10,0.00
1996-03-11,0.00
1996-03-12,0.00
1996-03-13,0.00
1996-03-14,0.00
1996-03-15,0.30T
1996-03-16,0.00
1996-03-17,0.00
1996-03-18,0.00
1996-03-19,0.00
1996-03-20,0.00
1996-03-21,0.54
1996-03-22,0.00
1996-03-23,0.00
1996-03-24,0.00
1996-03-25,0.00
1996-03-26,0.30T
1996-03-27,0.00
1996-03-28,0.00
1996-03-29,0.00
1996-03-30,0.00
1996-03-31,0.00
1996-04-01,0.00
1996-04-02,0.00
1996-04-03,0.00
1996-04-04,0.00
1996-04-05,0.74
1996-04-06,0.00
1996-04-07,0.00
1996-04-08,0.00
1996-04-09,0.00
1996-04-10,0.30T
1996-04-11,0.30T
1996-04-12,0.30T
1996-04-13,0.00
1996-04-14,0.00
1996-04-15,0.00
1996-04-16,0.00
1996-04-17,3.40
1996-04-18,0.30T
1996-04-19,0.00
1996-04-20,0.00
1996-04-21,13.60
1996-04-22,0.00
1996-04-23,5.03
1996-04-24,6.66
1996-04-25,0.00
1996-04-26,4.82
1996-04-27,5.03
1996-04-28,0.00
1996-04-29,0.00
1996-04-30,3.40
1996-04-31,-9999.99M
1996-05-01,8.29
1996-05-02,3.50
1996-05-03,0.00
1996-05-04,0.64
1996-05-05,0.00
1996-05-06,0.00
1996-05-07,0.00
1996-05-08,0.30T
1996-05-09,0.00
1996-05-10,0.30T
1996-05-11,0.30T
1996-05-12,5.13
1996-05-13,0.30T
1996-05-14,0.00
1996-05-15,0.00
1996-05-16,0.00
1996-05-17,0.00
1996-05-18,0.00
1996-05-19,1.76
1996-05-20,4.21
1996-05-21,4.01
1996-05-22,6.35
1996-05-23,1.15
1996-05-24,0.00
1996-05-25,0.30T
1996-05-26,0.30T
1996-05-27,0.00
1996-05-28,8.60
1996-05-29,4.82
1996-05-30,0.00
1996-05-31,0.00
1996-06-01,0.00
1996-06-02,0.00
1996-06-03,2.38
1996-06-04,4.42
1996-06-05,2.99
1996-06-06,0.00
1996-06-07,0.00
1996-06-08,0.00
1996-06-09,0.00
1996-06-10,0.00
1996-06-11,0.00
1996-06-12,0.00
1996-06-13,5.64
1996-06-14,8.50
1996-06-15,1.15
1996-06-16,0.00
1996-06-17,0.00
1996-06-18,0.00
1996-06-19,0.00
1996-06-20,0.00
1996-06-21,0.74
1996-06-22,0.00
1996-06-23,0.00
1996-06-24,2.58
1996-06-25,34.40
1996-06-26,8.90
1996-06-27,0.00
1996-06-28,0.00
1996-06-29,0.00
1996-06-30,0.95
1996-06-31,-9999.99M
1996-07-01,2.17
1996-07-02,0.95
1996-07-03,0.00
1996-07-04,10.54
1996-07-05,5.03
1996-07-06,3.40
1996-07-07,0.00
1996-07-08,5.03
1996-07-09,4.82
1996-07-10,14.41
1996-07-11,0.00
1996-07-12,0.00
1996-07-13,0.34
1996-07-14,15.94
1996-07-15,14.62
1996-07-16,0.54
1996-07-17,0.34
1996-07-18,0.00
1996-07-19,21.76
1996-07-20,7.88
1996-07-21,9.31
1996-07-22,0.00
1996-07-23,0.95
1996-07-24,0.00
1996-07-25,0.34
1996-07-26,0.00
1996-07-27,0.30T
1996-07-28,0.00
1996-07-29,0.00
1996-07-30,0.00
1996-07-31,0.00
1996-08-01,2.17
1996-08-02,0.30T
1996-08-03,0.00
1996-08-04,0.00
1996-08-05,0.00
1996-08-06,0.00
1996-08-07,0.00
1996-08-08,0.00
1996-08-09,6.86
1996-08-10,0.00
1996-08-11,0.00
1996-08-12,0.00
1996-08-13,23.59
1996-08-14,0.34
1996-08-15,0.00
1996-08-16,2.27
1996-08-17,0.00
1996-08-18,7.88
1996-08-19,0.00
1996-08-20,0.00
1996-08-21,0.95
1996-08-22,0.00
1996-08-23,3.91
1996-08-24,0.00
1996-08-25,14.21
1996-08-26,0.00
1996-08-27,0.00
1996-08-28,0.00
1996-08-29,0.30T
1996-08-30,0.00
1996-08-31,0.95
1996-09-01,0.95
1996-09-02,0.00
1996-09-03,0.00
1996-09-04,0.00
1996-09-05,0.00
1996-09-06,0.00
1996-09-07,0.00
1996-09-08,0.30T
1996-09-09,18.70
1996-09-10,8.19
1996-09-11,4.42
1996-09-12,0.00
1996-09-13,0.30T
1996-09-14,3.80
1996-09-15,0.34
1996-09-16,0.00
1996-09-17,0.00
1996-09-18,0.00
1996-09-19,0.00
1996-09-20,0.30T
1996-09-21,0.30T
1996-09-22,0.00
1996-09-23,0.54
1996-09-24,0.00
1996-09-25,0.00
1996-09-26,0.00
1996-09-27,0.00
1996-09-28,0.30T
1996-09-29,0.74
1996-09-30,0.00
1996-09-31,-9999.99M
1996-10-01,1.36
1996-10-02,0.00
1996-10-03,8.29
1996-10-04,0.00
1996-10-05,0.00
1996-10-06,0.00
1996-10-07,0.00
1996-10-08,0.00
1996-10-09,17.27
1996-10-10,10.33
1996-10-11,0.00
1996-10-12,0.00
1996-10-13,1.66
1996-10-14,9.31
1996-10-15,0.00
1996-10-16,0.00
1996-10-17,0.00
1996-10-18,0.00
1996-10-19,0.00
1996-10-20,0.00
1996-10-21,0.00
1996-10-22,1.97
1996-10-23,7.27
1996-10-24,6.25
1996-10-25,1.76
1996-10-26,0.00
1996-10-27,0.00
1996-10-28,25.22
1996-10-29,6.86
1996-10-30,3.80
1996-10-31,3.60
1996-11-01,0.00
1996-11-02,0.54
1996-11-03,6.15
1996-11-04,0.00
1996-11-05,0.00
1996-11-06,0.00
1996-11-07,11.15
1996-11-08,0.34
1996-11-09,5.64
1996-11-10,22.37
1996-11-11,0.95
1996-11-12,0.00
1996-11-13,0.00
1996-11-14,0.00
1996-11-15,0.00
1996-11-16,0.00
1996-11-17,0.00
1996-11-18,0.30T
1996-11-19,2.38
1996-11-20,4.93
1996-11-21,1.97
1996-11-22,0.00
1996-11-23,0.00
1996-11-24,0.00
1996-11-25,0.00
1996-11-26,0.00
1996-11-27,0.00
1996-11-28,0.00
1996-11-29,0.00
1996-11-30,0.00
1996-11-31,-9999.99M
1996-12-01,8.50
1996-12-02,12.58
1996-12-03,0.00
1996-12-04,0.00
1996-12-05,0.00
1996-12-06,0.00
1996-12-07,0.00
1996-12-08,4.21
1996-12-09,0.00
1996-12-10,0.00
1996-12-11,0.00
1996-12-12,0.00
1996-12-13,1.15
1996-12-14,0.74
1996-12-15,0.00
1996-12-16,0.00
1996-12-17,6.66
1996-12-18,1.76
1996-12-19,3.19
1996-12-20,10.94
1996-12-21,0.00
1996-12-22,0.00
1996-12-23,0.00
1996-12-24,5.13
1996-12-25,1.15
1996-12-26,0.00
1996-12-27,0.00
1996-12-28,0.00
1996-12-29,3.60
1996-12-30,0.00
1996-12-31,0.00
1997-01-01,0.00
1997-01-02,0.00
1997-01-03,0.00
1997-01-04,0.00
1997-01-05,0.00
1997-01-06,0.00
1997-01-07,0.00
1997-01-08,0.00
1997-01-09,0.00
1997-01-10,0.00
1997-01-11,0.00
1997-01-12,0.00
1997-01-13,0.00
1997-01-14,0.00
1997-01-15,0.00
1997-01-16,3.50
1997-01-17,0.00
1997-01-18,0.00
1997-01-19,0.00
1997-01-20,0.00
1997-01-21,0.00
1997-01-22,0.00
1997-01-23,0.30T
1997-01-24,0.00
1997-01-25,0.54
1997-01-26,0.00
1997-01-27,0.00
1997-01-28,0.00
1997-01-29,0.00
1997-01-30,0.00
1997-01-31,0.00
1997-02-01,0.00
1997-02-02,0.00
1997-02-03,0.00
1997-02-04,0.00
1997-02-05,0.00
1997-02-06,0.00
1997-02-07,0.00
1997-02-08,0.00
1997-02-09,0.00
1997-02-10,0.00
1997-02-11,0.00
1997-02-12,0.00
1997-02-13,0.00
1997-02-14,0.00
1997-02-15,0.00
1997-02-16,0.00
1997-02-17,0.00
1997-02-18,0.00
1997-02-19,0.00
1997-02-20,0.00
1997-02-21,0.00
1997-02-22,0.00
1997-02-23,0.00
1997-02-24,0.00
1997-02-25,0.00
1997-02-26,0.00
1997-02-27,0.00
1997-02-28,0.00
1997-02-29,-9999.99M
1997-02-30,-9999.99M
1997-02-31,-9999.99M
1997-03-01,0.00
1997-03-02,0.95
1997-03-03,0.00
1997-03-04,0.00
1997-03-05,0.00
1997-03-06,0.00
1997-03-07,0.00
1997-03-08,0.00
1997-03-09,0.00
1997-03-10,0.00
1997-03-11,0.00
1997-03-12,0.00
1997-03-13,0.00
1997-03-14,0.00
1997-03-15,0.00
1997-03-16,0.00
1997-03-17,0.00
1997-03-18,0.00
1997-03-19,0.00
1997-03-20,0.00
1997-03-21,0.00
1997-03-22,0.00
1997-03-23,0.00
1997-03-24,0.00
1997-03-25,0.00
1997-03-26,0.00
1997-03-27,0.00
1997-03-28,0.00
1997-03-29,0.74
1997-03-30,7.88
1997-03-31,0.00
1997-04-01,0.00
1997-04-02,0.00
1997-04-03,0.00
1997-04-04,0.00
1997-04-05,0.00
1997-04-06,0.95
1997-04-07,0.00
1997-04-08,0.00
1997-04-09,0.00
1997-04-10,0.00
1997-04-11,0.00
1997-04-12,0.00
1997-04-13,0.00
1997-04-14,0.00
1997-04-15,0.00
1997-04-16,0.00
1997-04-17,0.00
1997-04-18,0.00
1997-04-19,0.00
1997-04-20,0.00
1997-04-21,0.00
1997-04-22,2.58
1997-04-23,5.64
1997-04-24,0.00
1997-04-25,0.00
1997-04-26,0.00
1997-04-27,0.00
1997-04-28,5.64
1997-04-29,6.46
1997-04-30,0.30T
1997-04-31,-9999.99M
1997-05-01,2.99
1997-05-02,0.95
1997-05-03,1.97
1997-05-04,4.82
1997-05-05,0.00
1997-05-06,0.00
1997-05-07,0.95
1997-05-08,5.03
1997-05-09,0.00
1997-05-10,0.00
1997-05-11,2.17
1997-05-12,0.54
1997-05-13,0.00
1997-05-14,28.79
1997-05-15,0.00
1997-05-16,12.37
1997-05-17,5.74
1997-05-18,0.44
1997-05-19,0.00
1997-05-20,8.50
1997-05-21,1.56
1997-05-22,3.91
1997-05-23,0.54
1997-05-24,0.00
1997-05-25,25.84
1997-05-26,13.80
1997-05-27,0.00
1997-05-28,0.00
1997-05-29,0.00
1997-05-30,0.34
1997-05-31,4.93
1997-06-01,0.00
1997-06-02,0.00
1997-06-03,0.00
1997-06-04,0.00
1997-06-05,0.54
1997-06-06,0.74
1997-06-07,0.00
1997-06-08,0.00
1997-06-09,0.00
1997-06-10,0.00
1997-06-11,0.00
1997-06-12,0.00
1997-06-13,6.15
1997-06-14,0.00
1997-06-15,0.00
1997-06-16,0.00
1997-06-17,0.00
1997-06-18,3.19
1997-06-19,7.88
1997-06-20,0.00
1997-06-21,4.42
1997-06-22,5.84
1997-06-23,0.00
1997-06-24,3.40
1997-06-25,7.88
1997-06-26,0.95
1997-06-27,1.56
1997-06-28,0.00
1997-06-29,0.00
1997-06-30,2.78
1997-06-31,-9999.99M
1997-07-01,3.40
1997-07-02,0.00
1997-07-03,4.42
1997-07-04,7.88
1997-07-05,0.30T
1997-07-06,0.00
1997-07-07,0.95
1997-07-08,0.74
1997-07-09,6.66
1997-07-10,0.00
1997-07-11,0.34
1997-07-12,0.00
1997-07-13,0.00
1997-07-14,0.00
1997-07-15,0.00
1997-07-16,6.97
1997-07-17,0.74
1997-07-18,2.17
1997-07-19,0.00
1997-07-20,0.74
1997-07-21,0.00
1997-07-22,0.00
1997-07-23,0.00
1997-07-24,0.00
1997-07-25,0.00
1997-07-26,0.00
1997-07-27,9.92
1997-07-28,4.42
1997-07-29,0.30T
1997-07-30,0.00
1997-07-31,0.34
1997-08-01,0.30T
1997-08-02,4.21
1997-08-03,0.00
1997-08-04,0.00
1997-08-05,0.34
1997-08-06,0.00
1997-08-07,1.36
1997-08-08,0.00
1997-08-09,0.00
1997-08-10,0.00
1997-08-11,13.60
1997-08-12,0.54
1997-08-13,3.40
1997-08-14,5.44
1997-08-15,0.95
1997-08-16,20.12
1997-08-17,1.15
1997-08-18,0.00
1997-08-19,1.15
1997-08-20,0.00
1997-08-21,0.00
1997-08-22,6.86
1997-08-23,4.62
1997-08-24,1.15
1997-08-25,0.00
1997-08-26,0.00
1997-08-27,0.00
1997-08-28,13.19
1997-08-29,10.33
1997-08-30,0.30T
1997-08-31,0.00
1997-09-01,0.00
1997-09-02,10.33
1997-09-03,4.21
1997-09-04,0.00
1997-09-05,0.00
1997-09-06,0.00
1997-09-07,1.87
1997-09-08,0.00
1997-09-09,0.30T
1997-09-10,0.30T
1997-09-11,0.00
1997-09-12,1.97
1997-09-13,0.00
1997-09-14,0.30T
1997-09-15,1.56
1997-09-16,2.17
1997-09-17,0.00
1997-09-18,0.64
1997-09-19,1.15
1997-09-20,5.95
1997-09-21,0.64
1997-09-22,1.25
1997-09-23,1.76
1997-09-24,0.00
1997-09-25,0.54
1997-09-26,4.82
1997-09-27,0.00
1997-09-28,0.00
1997-09-29,5.13
1997-09-30,0.54
1997-09-31,-9999.99M
1997-10-01,0.30T
1997-10-02,0.30T
1997-10-03,0.00
1997-10-04,0.00
1997-10-05,3.19
1997-10-06,0.34
1997-10-07,0.00
1997-10-08,0.00
1997-10-09,0.74
1997-10-10,0.30T
1997-10-11,0.00
1997-10-12,0.00
1997-10-13,0.00
1997-10-14,0.00
1997-10-15,0.00
1997-10-16,2.89
1997-10-17,1.36
1997-10-18,0.54
1997-10-19,0.00
1997-10-20,0.00
1997-10-21,0.00
1997-10-22,0.30T
1997-10-23,0.00
1997-10-24,0.00
1997-10-25,0.00
1997-10-26,0.00
1997-10-27,1.15
1997-10-28,8.29
1997-10-29,0.30T
1997-10-30,0.00
1997-10-31,0.00
1997-11-01,0.00
1997-11-02,4.82
1997-11-03,0.00
1997-11-04,2.38
1997-11-05,20.12
1997-11-06,0.00
1997-11-07,0.00
1997-11-08,0.00
1997-11-09,13.60
1997-11-10,2.78
1997-11-11,0.74
1997-11-12,0.00
1997-11-13,0.00
1997-11-14,0.00
1997-11-15,0.00
1997-11-16,0.00
1997-11-17,0.00
1997-11-18,0.00
1997-11-19,0.00
1997-11-20,0.00
1997-11-21,0.00
1997-11-22,0.00
1997-11-23,0.00
1997-11-24,0.00
1997-11-25,0.00
1997-11-26,0.00
1997-11-27,0.00
1997-11-28,0.00
1997-11-29,0.00
1997-11-30,0.00
1997-11-31,-9999.99M
1997-12-01,0.00
1997-12-02,0.30T
1997-12-03,0.00
1997-12-04,0.00
1997-12-05,0.34
1997-12-06,3.19
1997-12-07,0.00
1997-12-08,0.00
1997-12-09,0.00
1997-12-10,0.00
1997-12-11,0.00
1997-12-12,0.00
1997-12-13,0.00
1997-12-14,0.00
1997-12-15,0.00
1997-12-16,0.00
1997-12-17,0.00
1997-12-18,0.00
1997-12-19,0.00
1997-12-20,0.00
1997-12-21,0.00
1997-12-22,0.00
1997-12-23,0.00
1997-12-24,0.00
1997-12-25,0.00
1997-12-26,0.00
1997-12-27,0.00
1997-12-28,0.00
1997-12-29,0.00
1997-12-30,0.34
1997-12-31,0.00
1998-01-01,0.00
1998-01-02,0.00
1998-01-03,0.30T
1998-01-04,0.00
1998-01-05,0.00
1998-01-06,0.00
1998-01-07,0.00
1998-01-08,0.00
1998-01-09,0.00
1998-01-10,0.30T
1998-01-11,0.00
1998-01-12,0.00
1998-01-13,0.00
1998-01-14,0.00
1998-01-15,0.00
1998-01-16,0.00
1998-01-17,0.00
1998-01-18,0.34
1998-01-19,0.30T
1998-01-20,0.30T
1998-01-21,0.30T
1998-01-22,0.00
1998-01-23,0.00
1998-01-24,4.21
1998-01-25,1.87
1998-01-26,0.00
1998-01-27,0.00
1998-01-28,0.00
1998-01-29,0.00
1998-01-30,0.00
1998-01-31,0.00
1998-02-01,0.00
1998-02-02,0.00
1998-02-03,0.00
1998-02-04,0.00
1998-02-05,0.00
1998-02-06,0.00
1998-02-07,0.00
1998-02-08,0.00
1998-02-09,0.00
1998-02-10,0.00
1998-02-11,0.00
1998-02-12,6.97
1998-02-13,0.00
1998-02-14,0.00
1998-02-15,0.00
1998-02-16,0.00
1998-02-17,0.00
1998-02-18,0.00
1998-02-19,1.15
1998-02-20,0.00
1998-02-21,0.00
1998-02-22,0.00
1998-02-23,0.00
1998-02-24,0.00
1998-02-25,5.84
1998-02-26,10.13
1998-02-27,7.48
1998-02-28,0.95
1998-02-29,-9999.99M
1998-02-30,-9999.99M
1998-02-31,-9999.99M
1998-03-01,6.66
1998-03-02,0.74
1998-03-03,0.00
1998-03-04,0.00
1998-03-05,0.00
1998-03-06,0.00
1998-03-07,0.00
1998-03-08,0.00
1998-03-09,19.92
1998-03-10,0.00
1998-03-11,0.00
1998-03-12,0.00
1998-03-13,0.00
1998-03-14,0.00
1998-03-15,0.00
1998-03-16,0.00
1998-03-17,0.00
1998-03-18,0.00
1998-03-19,0.00
1998-03-20,0.00
1998-03-21,0.00
1998-03-22,0.00
1998-03-23,0.00
1998-03-24,0.00
1998-03-25,0.00
1998-03-26,0.00
1998-03-27,3.19
1998-03-28,0.54
1998-03-29,2.07
1998-03-30,5.74
1998-03-31,10.74
1998-04-01,0.30T
1998-04-02,0.54
1998-04-03,0.00
1998-04-04,0.00
1998-04-05,0.00
1998-04-06,0.00
1998-04-07,0.00
1998-04-08,0.00
1998-04-09,0.00
1998-04-10,0.00
1998-04-11,0.00
1998-04-12,0.00
1998-04-13,0.00
1998-04-14,0.00
1998-04-15,0.00
1998-04-16,0.00
1998-04-17,19.31
1998-04-18,0.00
1998-04-19,0.00
1998-04-20,10.13
1998-04-21,0.30T
1998-04-22,0.00
1998-04-23,0.00
1998-04-24,2.78
1998-04-25,0.54
1998-04-26,0.00
1998-04-27,6.46
1998-04-28,0.00
1998-04-29,0.00
1998-04-30,0.00
1998-04-31,-9999.99M
1998-05-01,0.00
1998-05-02,2.78
1998-05-03,5.64
1998-05-04,0.30T
1998-05-05,0.00
1998-05-06,0.00
1998-05-07,1.15
1998-05-08,1.97
1998-05-09,13.70
1998-05-10,0.00
1998-05-11,0.00
1998-05-12,0.00
1998-05-13,0.00
1998-05-14,0.00
1998-05-15,0.30T
1998-05-16,0.00
1998-05-17,1.05
1998-05-18,3.40
1998-05-19,0.00
1998-05-20,0.00
1998-05-21,30.12
1998-05-22,26.35
1998-05-23,22.78
1998-05-24,1.25
1998-05-25,0.54
1998-05-26,9.62
1998-05-27,0.00
1998-05-28,0.00
1998-05-29,0.74
1998-05-30,0.34
1998-05-31,0.74
1998-06-01,2.38
1998-06-02,0.00
1998-06-03,5.44
1998-06-04,19.21
1998-06-05,2.17
1998-06-06,0.34
1998-06-07,0.00
1998-06-08,0.00
1998-06-09,0.00
1998-06-10,0.30T
1998-06-11,0.00
1998-06-12,0.00
1998-06-13,0.95
1998-06-14,0.00
1998-06-15,6.66
1998-06-16,7.78
1998-06-17,11.15
1998-06-18,17.88
1998-06-19,4.31
1998-06-20,0.44
1998-06-21,0.00
1998-06-22,0.00
1998-06-23,3.19
1998-06-24,0.34
1998-06-25,0.00
1998-06-26,0.00
1998-06-27,0.00
1998-06-28,0.00
1998-06-29,1.15
1998-06-30,14.41
1998-06-31,-9999.99M
1998-07-01,24.82
1998-07-02,0.00
1998-07-03,0.00
1998-07-04,30.73
1998-07-05,32.98
1998-07-06,0.00
1998-07-07,1.66
1998-07-08,0.00
1998-07-09,2.17
1998-07-10,21.14
1998-07-11,9.92
1998-07-12,3.19
1998-07-13,3.40
1998-07-14,5.23
1998-07-15,1.15
1998-07-16,7.68
1998-07-17,4.42
1998-07-18,0.00
1998-07-19,0.00
1998-07-20,13.49
1998-07-21,0.00
1998-07-22,3.80
1998-07-23,0.00
1998-07-24,4.01
1998-07-25,0.00
1998-07-26,0.54
1998-07-27,0.00
1998-07-28,7.68
1998-07-29,7.48
1998-07-30,0.00
1998-07-31,0.00
1998-08-01,0.00
1998-08-02,1.15
1998-08-03,0.00
1998-08-04,0.00
1998-08-05,0.00
1998-08-06,0.00
1998-08-07,0.00
1998-08-08,0.00
1998-08-09,0.00
1998-08-10,0.30T
1998-08-11,26.04
1998-08-12,0.00
1998-08-13,0.00
1998-08-14,0.00
1998-08-15,0.00
1998-08-16,0.00
1998-08-17,0.00
1998-08-18,1.76
1998-08-19,0.74
1998-08-20,0.00
1998-08-21,0.30T
1998-08-22,0.00
1998-08-23,0.00
1998-08-24,9.01
1998-08-25,0.34
1998-08-26,27.47
1998-08-27,9.11
1998-08-28,0.00
1998-08-29,0.64
1998-08-30,9.92
1998-08-31,0.95
1998-09-01,0.00
1998-09-02,0.00
1998-09-03,10.54
1998-09-04,6.66
1998-09-05,0.30T
1998-09-06,0.34
1998-09-07,0.00
1998-09-08,4.62
1998-09-09,23.18
1998-09-10,0.74
1998-09-11,0.00
1998-09-12,3.19
1998-09-13,0.00
1998-09-14,0.00
1998-09-15,19.00
1998-09-16,0.00
1998-09-17,0.00
1998-09-18,0.00
1998-09-19,2.78
1998-09-20,0.30T
1998-09-21,4.93
1998-09-22,4.42
1998-09-23,0.00
1998-09-24,1.15
1998-09-25,0.30T
1998-09-26,0.00
1998-09-27,14.00
1998-09-28,0.00
1998-09-29,0.00
1998-09-30,4.01
1998-09-31,-9999.99M
1998-10-01,29.41
1998-10-02,0.00
1998-10-03,0.00
1998-10-04,0.30T
1998-10-05,0.00
1998-10-06,0.00
1998-10-07,0.00
1998-10-08,10.13
1998-10-09,0.00
1998-10-10,0.00
1998-10-11,6.56
1998-10-12,0.00
1998-10-13,0.00
1998-10-14,0.00
1998-10-15,21.35
1998-10-16,11.66
1998-10-17,0.00
1998-10-18,1.15
1998-10-19,2.17
1998-10-20,0.74
1998-10-21,0.30T
1998-10-22,0.00
1998-10-23,0.54
1998-10-24,0.30T
1998-10-25,0.00
1998-10-26,0.00
1998-10-27,0.00
1998-10-28,6.05
1998-10-29,6.66
1998-10-30,29.92
1998-10-31,0.95
1998-11-01,6.25
1998-11-02,2.99
1998-11-03,0.30T
1998-11-04,0.30T
1998-11-05,0.00
1998-11-06,0.74
1998-11-07,0.54
1998-11-08,0.00
1998-11-09,0.00
1998-11-10,0.00
1998-11-11,12.78
1998-11-12,0.30T
1998-11-13,0.00
1998-11-14,0.00
1998-11-15,0.30T
1998-11-16,0.00
1998-11-17,0.00
1998-11-18,0.00
1998-11-19,0.00
1998-11-20,0.30T
1998-11-21,0.30T
1998-11-22,0.00
1998-11-23,0.00
1998-11-24,0.30T
1998-11-25,0.00
1998-11-26,0.00
1998-11-27,9.52
1998-11-28,0.00
1998-11-29,0.00
1998-11-30,9.92
1998-11-31,-9999.99M
1998-12-01,0.54
1998-12-02,0.00
1998-12-03,0.00
1998-12-04,0.00
1998-12-05,0.00
1998-12-06,0.95
1998-12-07,7.48
1998-12-08,0.00
1998-12-09,0.00
1998-12-10,0.00
1998-12-11,0.00
1998-12-12,0.00
1998-12-13,0.00
1998-12-14,0.00
1998-12-15,0.00
1998-12-16,0.00
1998-12-17,0.00
1998-12-18,0.00
1998-12-19,0.00
1998-12-20,0.00
1998-12-21,0.00
1998-12-22,10.74
1998-12-23,0.00
1998-12-24,0.00
1998-12-25,0.00
1998-12-26,0.00
1998-12-27,0.00
1998-12-28,0.00
1998-12-29,0.00
1998-12-30,0.00
1998-12-31,0.00
1999-01-01,0.00
1999-01-02,0.00
1999-01-03,0.00
1999-01-04,0.30T
1999-01-05,0.00
1999-01-06,0.00
1999-01-07,0.00
1999-01-08,0.00
1999-01-09,0.00
1999-01-10,0.00
1999-01-11,0.00
1999-01-12,0.00
1999-01-13,0.00
1999-01-14,0.00
1999-01-15,4.42
1999-01-16,0.54
1999-01-17,0.00
1999-01-18,2.58
1999-01-19,2.17
1999-01-20,0.00
1999-01-21,0.00
1999-01-22,0.00
1999-01-23,0.00
1999-01-24,4.82
1999-01-25,0.00
1999-01-26,0.00
1999-01-27,0.00
1999-01-28,0.00
1999-01-29,0.00
1999-01-30,0.00
1999-01-31,0.00
1999-02-01,0.00
1999-02-02,0.00
1999-02-03,0.00
1999-02-04,0.00
1999-02-05,0.00
1999-02-06,0.00
1999-02-07,0.00
1999-02-08,0.00
1999-02-09,0.00
1999-02-10,0.00
1999-02-11,0.00
1999-02-12,2.68
1999-02-13,1.36
1999-02-14,0.00
1999-02-15,0.00
1999-02-16,0.00
1999-02-17,0.00
1999-02-18,0.00
1999-02-19,0.00
1999-02-20,0.00
1999-02-21,0.00
1999-02-22,0.00
1999-02-23,0.00
1999-02-24,0.00
1999-02-25,0.00
1999-02-26,0.00
1999-02-27,0.00
1999-02-28,0.00
1999-02-29,-9999.99M
1999-02-30,-9999.99M
1999-02-31,-9999.99M
1999-03-01,7.37
1999-03-02,0.30T
1999-03-03,0.00
1999-03-04,1.15
1999-03-05,0.30T
1999-03-06,0.00
1999-03-07,0.00
1999-03-08,0.00
1999-03-09,0.00
1999-03-10,12.88
1999-03-11,33.28
1999-03-12,0.30T
1999-03-13,0.00
1999-03-14,0.00
1999-03-15,0.00
1999-03-16,0.00
1999-03-17,0.00
1999-03-18,0.00
1999-03-19,0.00
1999-03-20,0.00
1999-03-21,0.00
1999-03-22,2.58
1999-03-23,0.00
1999-03-24,0.00
1999-03-25,0.34
1999-03-26,0.00
1999-03-27,0.00
1999-03-28,0.00
1999-03-29,12.78
1999-03-30,0.00
1999-03-31,0.00
1999-04-01,0.00
1999-04-02,0.00
1999-04-03,0.00
1999-04-04,0.00
1999-04-05,0.00
1999-04-06,0.00
1999-04-07,1.15
1999-04-08,0.34
1999-04-09,0.00
1999-04-10,0.30T
1999-04-11,0.00
1999-04-12,0.00
1999-04-13,0.74
1999-04-14,1.87
1999-04-15,1.66
1999-04-16,1.25
1999-04-17,0.00
1999-04-18,0.44
1999-04-19,0.34
1999-04-20,0.00
1999-04-21,0.00
1999-04-22,1.15
1999-04-23,1.76
1999-04-24,0.30T
1999-04-25,0.00
1999-04-26,3.19
1999-04-27,0.34
1999-04-28,0.00
1999-04-29,0.00
1999-04-30,0.00
1999-04-31,-9999.99M
1999-05-01,0.00
1999-05-02,0.00
1999-05-03,0.00
1999-05-04,0.00
1999-05-05,0.00
1999-05-06,0.00
1999-05-07,0.00
1999-05-08,0.00
1999-05-09,1.36
1999-05-10,0.00
1999-05-11,0.00
1999-05-12,0.00
1999-05-13,0.30T
1999-05-14,0.00
1999-05-15,0.00
1999-05-16,0.00
1999-05-17,0.00
1999-05-18,0.00
1999-05-19,0.00
1999-05-20,3.60
1999-05-21,0.00
1999-05-22,0.54
1999-05-23,0.30T
1999-05-24,1.36
1999-05-25,9.92
1999-05-26,4.82
1999-05-27,0.00
1999-05-28,0.00
1999-05-29,0.00
1999-05-30,4.93
1999-05-31,0.30T
1999-06-01,20.23
1999-06-02,11.15
1999-06-03,5.84
1999-06-04,0.00
1999-06-05,0.00
1999-06-06,8.70
1999-06-07,15.64
1999-06-08,0.00
1999-06-09,0.00
1999-06-10,0.00
1999-06-11,0.00
1999-06-12,0.00
1999-06-13,0.00
1999-06-14,0.00
1999-06-15,0.34
1999-06-16,0.00
1999-06-17,0.00
1999-06-18,6.46
1999-06-19,0.00
1999-06-20,0.00
1999-06-21,0.00
1999-06-22,0.00
1999-06-23,0.00
1999-06-24,0.00
1999-06-25,0.34
1999-06-26,0.00
1999-06-27,0.00
1999-06-28,11.35
1999-06-29,1.15
1999-06-30,0.00
1999-06-31,-9999.99M
1999-07-01,0.00
1999-07-02,5.13
1999-07-03,0.00
1999-07-04,6.86
1999-07-05,2.17
1999-07-06,14.11
1999-07-07,10.64
1999-07-08,0.00
1999-07-09,0.00
1999-07-10,16.04
1999-07-11,40.12
1999-07-12,0.00
1999-07-13,0.00
1999-07-14,0.30T
1999-07-15,1.76
1999-07-16,0.00
1999-07-17,6.25
1999-07-18,0.74
1999-07-19,2.58
1999-07-20,0.00
1999-07-21,0.30T
1999-07-22,1.25
1999-07-23,0.00
1999-07-24,0.00
1999-07-25,2.99
1999-07-26,8.70
1999-07-27,0.00
1999-07-28,0.30T
1999-07-29,0.00
1999-07-30,1.05
1999-07-31,0.00
1999-08-01,0.54
1999-08-02,0.00
1999-08-03,0.30T
1999-08-04,0.00
1999-08-05,10.33
1999-08-06,1.36
1999-08-07,1.56
1999-08-08,6.25
1999-08-09,9.31
1999-08-10,0.00
1999-08-11,0.00
1999-08-12,3.19
1999-08-13,5.44
1999-08-14,21.96
1999-08-15,0.00
1999-08-16,0.00
1999-08-17,10.54
1999-08-18,15.94
1999-08-19,0.00
1999-08-20,0.00
1999-08-21,0.00
1999-08-22,0.00
1999-08-23,0.00
1999-08-24,0.00
1999-08-25,0.30T
1999-08-26,0.30T
1999-08-27,0.30T
1999-08-28,3.40
1999-08-29,0.00
1999-08-30,0.00
1999-08-31,0.00
1999-09-01,0.00
1999-09-02,0.00
1999-09-03,0.00
1999-09-04,0.00
1999-09-05,0.00
1999-09-06,0.54
1999-09-07,99.89
1999-09-08,17.57
1999-09-09,13.90
1999-09-10,4.11
1999-09-11,35.83
1999-09-12,0.00
1999-09-13,0.00
1999-09-14,0.00
1999-09-15,0.00
1999-09-16,0.00
1999-09-17,46.34
1999-09-18,17.68
1999-09-19,0.00
1999-09-20,0.00
1999-09-21,10.33
1999-09-22,27.26
1999-09-23,11.96
1999-09-24,11.56
1999-09-25,3.19
1999-09-26,0.00
1999-09-27,0.00
1999-09-28,0.00
1999-09-29,0.00
1999-09-30,0.34
1999-09-31,-9999.99M
1999-10-01,0.00
1999-10-02,0.00
1999-10-03,0.54
1999-10-04,0.00
1999-10-05,0.00
1999-10-06,2.68
1999-10-07,0.74
1999-10-08,0.00
1999-10-09,6.46
1999-10-10,1.15
1999-10-11,3.19
1999-10-12,0.00
1999-10-13,5.23
1999-10-14,20.12
1999-10-15,0.00
1999-10-16,5.03
1999-10-17,2.58
1999-10-18,9.31
1999-10-19,0.00
1999-10-20,1.76
1999-10-21,0.34
1999-10-22,0.30T
1999-10-23,22.57
1999-10-24,0.95
1999-10-25,0.00
1999-10-26,1.15
1999-10-27,0.54
1999-10-28,0.30T
1999-10-29,0.00
1999-10-30,0.00
1999-10-31,1.36
1999-11-01,0.00
1999-11-02,0.00
1999-11-03,12.68
1999-11-04,0.00
1999-11-05,0.30T
1999-11-06,3.40
1999-11-07,0.00
1999-11-08,0.00
1999-11-09,0.34
1999-11-10,0.34
1999-11-11,0.00
1999-11-12,0.00
1999-11-13,0.00
1999-11-14,10.64
1999-11-15,29.10
1999-11-16,1.97
1999-11-17,0.00
1999-11-18,0.00
1999-11-19,0.00
1999-11-20,0.00
1999-11-21,6.56
1999-11-22,1.15
1999-11-23,0.95
1999-11-24,6.05
1999-11-25,0.00
1999-11-26,12.58
1999-11-27,16.66
1999-11-28,0.00
1999-11-29,0.00
1999-11-30,0.00
1999-11-31,-9999.99M
1999-12-01,0.00
1999-12-02,0.00
1999-12-03,0.00
1999-12-04,0.00
1999-12-05,2.89
1999-12-06,3.70
1999-12-07,17.78
1999-12-08,4.21
1999-12-09,0.00
1999-12-10,0.00
1999-12-11,27.26
1999-12-12,5.23
1999-12-13,3.19
1999-12-14,0.00
1999-12-15,0.00
1999-12-16,0.34
1999-12-17,0.00
1999-12-18,0.00
1999-12-19,0.00
1999-12-20,0.00
1999-12-21,1.56
1999-12-22,0.00
1999-12-23,0.00
1999-12-24,0.00
1999-12-25,0.00
1999-12-26,0.00
1999-12-27,0.00
1999-12-28,0.00
1999-12-29,0.00
1999-12-30,0.00
1999-12-31,0.00
2000-01-01,0.00
2000-01-02,0.00
2000-01-03,0.00
2000-01-04,4.21
2000-01-05,0.00
2000-01-06,0.00
2000-01-07,0.00
2000-01-08,0.00
2000-01-09,0.00
2000-01-10,0.00
2000-01-11,0.30T
2000-01-12,0.00
2000-01-13,0.00
2000-01-14,0.00
2000-01-15,0.00
2000-01-16,0.00
2000-01-17,0.00
2000-01-18,0.00
2000-01-19,0.00
2000-01-20,0.00
2000-01-21,0.00
2000-01-22,0.00
2000-01-23,0.00
2000-01-24,0.00
2000-01-25,0.00
2000-01-26,0.34
2000-01-27,0.00
2000-01-28,0.00
2000-01-29,0.00
2000-01-30,0.00
2000-01-31,0.00
2000-02-01,0.00
2000-02-02,0.00
2000-02-03,0.00
2000-02-04,0.00
2000-02-05,0.00
2000-02-06,0.00
2000-02-07,0.00
2000-02-08,0.00
2000-02-09,0.00
2000-02-10,0.00
2000-02-11,0.00
2000-02-12,0.00
2000-02-13,0.00
2000-02-14,0.00
2000-02-15,0.00
2000-02-16,0.00
2000-02-17,0.00
2000-02-18,0.00
2000-02-19,0.00
2000-02-20,0.00
2000-02-21,0.00
2000-02-22,0.00
2000-02-23,0.00
2000-02-24,0.00
2000-02-25,0.00
2000-02-26,0.00
2000-02-27,0.00
2000-02-28,0.54
2000-02-29,2.58
2000-02-30,-9999.99M
2000-02-31,-9999.99M
2000-03-01,0.30T
2000-03-02,0.44
2000-03-03,5.44
2000-03-04,0.00
2000-03-05,0.00
2000-03-06,0.00
2000-03-07,0.00
2000-03-08,0.00
2000-03-09,4.42
2000-03-10,0.00
2000-03-11,0.00
2000-03-12,0.00
2000-03-13,0.00
2000-03-14,0.00
2000-03-15,0.00
2000-03-16,1.15
2000-03-17,0.00
2000-03-18,0.00
2000-03-19,0.00
2000-03-20,0.00
2000-03-21,0.00
2000-03-22,0.00
2000-03-23,0.30T
2000-03-24,0.00
2000-03-25,0.00
2000-03-26,0.74
2000-03-27,0.00
2000-03-28,7.07
2000-03-29,7.48
2000-03-30,0.30T
2000-03-31,0.00
2000-04-01,0.00
2000-04-02,2.17
2000-04-03,0.30T
2000-04-04,13.39
2000-04-05,0.00
2000-04-06,8.70
2000-04-07,0.00
2000-04-08,2.99
2000-04-09,7.88
2000-04-10,0.00
2000-04-11,0.00
2000-04-12,0.00
2000-04-13,0.00
2000-04-14,4.21
2000-04-15,0.54
2000-04-16,0.00
2000-04-17,0.00
2000-04-18,0.00
2000-04-19,0.00
2000-04-20,0.30T
2000-04-21,0.00
2000-04-22,1.76
2000-04-23,21.96
2000-04-24,24.82
2000-04-25,0.00
2000-04-26,0.00
2000-04-27,0.34
2000-04-28,2.99
2000-04-29,0.54
2000-04-30,0.74
2000-04-31,-9999.99M
2000-05-01,13.09
2000-05-02,0.95
2000-05-03,0.00
2000-05-04,0.30T
2000-05-05,0.54
2000-05-06,0.00
2000-05-07,11.25
2000-05-08,0.00
2000-05-09,0.00
2000-05-10,1.56
2000-05-11,19.92
2000-05-12,0.00
2000-05-13,0.00
2000-05-14,9.01
2000-05-15,0.34
2000-05-16,0.30T
2000-05-17,0.30T
2000-05-18,15.64
2000-05-19,0.00
2000-05-20,0.00
2000-05-21,0.00
2000-05-22,0.00
2000-05-23,1.15
2000-05-24,9.62
2000-05-25,12.78
2000-05-26,5.44
2000-05-27,3.40
2000-05-28,1.56
2000-05-29,0.00
2000-05-30,0.00
2000-05-31,0.34
2000-06-01,1.76
2000-06-02,8.29
2000-06-03,8.09
2000-06-04,0.00
2000-06-05,0.00
2000-06-06,0.00
2000-06-07,0.00
2000-06-08,0.74
2000-06-09,2.17
2000-06-10,0.00
2000-06-11,0.00
2000-06-12,0.00
2000-06-13,0.00
2000-06-14,0.00
2000-06-15,0.00
2000-06-16,0.00
2000-06-17,0.30T
2000-06-18,0.00
2000-06-19,0.00
2000-06-20,0.00
2000-06-21,2.58
2000-06-22,1.15
2000-06-23,0.95
2000-06-24,0.00
2000-06-25,0.74
2000-06-26,0.00
2000-06-27,2.58
2000-06-28,0.00
2000-06-29,7.88
2000-06-30,12.88
2000-06-31,-9999.99M
2000-07-01,0.30T
2000-07-02,5.44
2000-07-03,3.60
2000-07-04,0.64
2000-07-05,20.94
2000-07-06,0.30T
2000-07-07,2.17
2000-07-08,1.76
2000-07-09,0.00
2000-07-10,10.33
2000-07-11,9.52
2000-07-12,0.30T
2000-07-13,0.00
2000-07-14,0.00
2000-07-15,0.00
2000-07-16,0.00
2000-07-17,3.91
2000-07-18,26.24
2000-07-19,0.00
2000-07-20,0.00
2000-07-21,0.00
2000-07-22,9.11
2000-07-23,0.54
2000-07-24,0.00
2000-07-25,0.00
2000-07-26,0.30T
2000-07-27,2.68
2000-07-28,0.00
2000-07-29,0.30T
2000-07-30,0.34
2000-07-31,0.00
2000-08-01,0.00
2000-08-02,4.62
2000-08-03,0.30T
2000-08-04,0.00
2000-08-05,0.00
2000-08-06,0.00
2000-08-07,0.30T
2000-08-08,0.54
2000-08-09,20.53
2000-08-10,9.52
2000-08-11,0.00
2000-08-12,0.00
2000-08-13,0.00
2000-08-14,0.00
2000-08-15,0.30T
2000-08-16,0.74
2000-08-17,6.46
2000-08-18,0.00
2000-08-19,0.00
2000-08-20,0.54
2000-08-21,0.34
2000-08-22,0.00
2000-08-23,1.36
2000-08-24,9.31
2000-08-25,0.00
2000-08-26,0.00
2000-08-27,0.00
2000-08-28,0.00
2000-08-29,0.00
2000-08-30,1.36
2000-08-31,0.00
2000-09-01,0.30T
2000-09-02,0.00
2000-09-03,1.97
2000-09-04,0.74
2000-09-05,0.30T
2000-09-06,0.00
2000-09-07,0.00
2000-09-08,0.30T
2000-09-09,0.00
2000-09-10,0.00
2000-09-11,0.00
2000-09-12,0.30T
2000-09-13,0.74
2000-09-14,0.00
2000-09-15,6.05
2000-09-16,16.04
2000-09-17,0.30T
2000-09-18,0.00
2000-09-19,0.30T
2000-09-20,0.00
2000-09-21,0.30T
2000-09-22,0.00
2000-09-23,2.99
2000-09-24,7.07
2000-09-25,1.15
2000-09-26,0.00
2000-09-27,0.34
2000-09-28,0.00
2000-09-29,0.00
2000-09-30,0.00
2000-09-31,-9999.99M
2000-10-01,0.00
2000-10-02,0.00
2000-10-03,0.74
2000-10-04,1.36
2000-10-05,0.00
2000-10-06,2.38
2000-10-07,0.34
2000-10-08,2.89
2000-10-09,0.95
2000-10-10,11.76
2000-10-11,0.54
2000-10-12,0.00
2000-10-13,0.00
2000-10-14,17.17
2000-10-15,0.30T
2000-10-16,0.00
2000-10-17,0.00
2000-10-18,4.01
2000-10-19,21.14
2000-10-20,0.30T
2000-10-21,1.76
2000-10-22,0.30T
2000-10-23,0.00
2000-10-24,0.00
2000-10-25,0.00
2000-10-26,0.00
2000-10-27,0.34
2000-10-28,0.74
2000-10-29,0.34
2000-10-30,0.74
2000-10-31,0.30T
2000-11-01,0.00
2000-11-02,0.00
2000-11-03,0.00
2000-11-04,0.74
2000-11-05,20.74
2000-11-06,21.76
2000-11-07,0.00
2000-11-08,0.00
2000-11-09,0.30T
2000-11-10,0.30T
2000-11-11,0.30T
2000-11-12,0.00
2000-11-13,0.95
2000-11-14,7.48
2000-11-15,25.84
2000-11-16,0.30T
2000-11-17,0.74
2000-11-18,0.00
2000-11-19,0.00
2000-11-20,0.00
2000-11-21,0.00
2000-11-22,0.00
2000-11-23,0.00
2000-11-24,0.00
2000-11-25,0.00
2000-11-26,0.00
2000-11-27,2.58
2000-11-28,0.00
2000-11-29,0.34
2000-11-30,0.00
2000-11-31,-9999.99M
2000-12-01,0.00
2000-12-02,0.00
2000-12-03,0.00
2000-12-04,0.00
2000-12-05,0.00
2000-12-06,0.00
2000-12-07,0.00
2000-12-08,0.00
2000-12-09,0.00
2000-12-10,0.00
2000-12-11,0.00
2000-12-12,11.96
2000-12-13,0.00
2000-12-14,0.00
2000-12-15,0.00
2000-12-16,0.00
2000-12-17,3.91
2000-12-18,0.30T
2000-12-19,0.00
2000-12-20,0.54
2000-12-21,0.00
2000-12-22,0.00
2000-12-23,0.00
2000-12-24,0.00
2000-12-25,0.00
2000-12-26,0.00
2000-12-27,0.00
2000-12-28,0.00
2000-12-29,0.00
2000-12-30,0.00
2000-12-31,0.00
2001-01-01,0.00
2001-01-02,0.00
2001-01-03,0.00
2001-01-04,0.00
2001-01-05,0.00
2001-01-06,0.00
2001-01-07,0.00
2001-01-08,0.00
2001-01-09,0.00
2001-01-10,0.00
2001-01-11,0.00
2001-01-12,0.00
2001-01-13,0.00
2001-01-14,0.00
2001-01-15,0.00
2001-01-16,0.00
2001-01-17,0.00
2001-01-18,0.00
2001-01-19,0.00
2001-01-20,0.00
2001-01-21,0.00
2001-01-22,0.00
2001-01-23,0.00
2001-01-24,0.00
2001-01-25,0.00
2001-01-26,0.00
2001-01-27,0.00
2001-01-28,0.00
2001-01-29,0.00
2001-01-30,0.00
2001-01-31,0.00
2001-02-01,0.00
2001-02-02,0.00
2001-02-03,0.00
2001-02-04,0.00
2001-02-05,0.00
2001-02-06,0.00
2001-02-07,0.00
2001-02-08,0.00
2001-02-09,0.00
2001-02-10,5.44
2001-02-11,0.00
2001-02-12,0.00
2001-02-13,0.00
2001-02-14,0.00
2001-02-15,0.00
2001-02-16,0.00
2001-02-17,0.00
2001-02-18,0.00
2001-02-19,0.00
2001-02-20,0.00
2001-02-21,0.00
2001-02-22,0.00
2001-02-23,0.00
2001-02-24,0.00
2001-02-25,0.00
2001-02-26,0.00
2001-02-27,0.00
2001-02-28,0.00
2001-02-29,-9999.99M
2001-02-30,-9999.99M
2001-02-31,-9999.99M
2001-03-01,0.00
2001-03-02,0.00
2001-03-03,0.00
2001-03-04,0.00
2001-03-05,0.00
2001-03-06,0.00
2001-03-07,0.00
2001-03-08,0.00
2001-03-09,0.00
2001-03-10,0.00
2001-03-11,0.00
2001-03-12,0.00
2001-03-13,0.00
2001-03-14,0.00
2001-03-15,0.00
2001-03-16,0.00
2001-03-17,0.00
2001-03-18,0.34
2001-03-19,0.00
2001-03-20,0.00
2001-03-21,0.00
2001-03-22,0.00
2001-03-23,0.00
2001-03-24,0.00
2001-03-25,0.00
2001-03-26,0.00
2001-03-27,0.00
2001-03-28,0.00
2001-03-29,0.00
2001-03-30,0.00
2001-03-31,0.00
2001-04-01,0.00
2001-04-02,0.00
2001-04-03,0.00
2001-04-04,0.00
2001-04-05,0.00
2001-04-06,0.00
2001-04-07,0.00
2001-04-08,0.30T
2001-04-09,0.00
2001-04-10,0.00
2001-04-11,0.00
2001-04-12,0.00
2001-04-13,4.82
2001-04-14,0.34
2001-04-15,0.30T
2001-04-16,0.34
2001-04-17,0.00
2001-04-18,0.00
2001-04-19,0.00
2001-04-20,0.00
2001-04-21,0.00
2001-04-22,5.44
2001-04-23,0.00
2001-04-24,2.78
2001-04-25,0.00
2001-04-26,0.00
2001-04-27,0.00
2001-04-28,0.00
2001-04-29,0.00
2001-04-30,0.95
2001-04-31,-9999.99M
2001-05-01,0.30T
2001-05-02,0.30T
2001-05-03,0.54
2001-05-04,0.00
2001-05-05,0.30T
2001-05-06,0.00
2001-05-07,0.00
2001-05-08,0.00
2001-05-09,0.00
2001-05-10,0.00
2001-05-11,0.00
2001-05-12,0.30T
2001-05-13,3.60
2001-05-14,30.73
2001-05-15,6.46
2001-05-16,0.64
2001-05-17,0.30T
2001-05-18,2.99
2001-05-19,1.05
2001-05-20,0.00
2001-05-21,0.00
2001-05-22,0.00
2001-05-23,0.00
2001-05-24,0.00
2001-05-25,0.00
2001-05-26,0.00
2001-05-27,0.00
2001-05-28,1.15
2001-05-29,0.30T
2001-05-30,36.44
2001-05-31,8.70
2001-06-01,0.00
2001-06-02,3.40
2001-06-03,26.04
2001-06-04,30.94
2001-06-05,8.90
2001-06-06,0.00
2001-06-07,0.00
2001-06-08,0.00
2001-06-09,10.54
2001-06-10,3.50
2001-06-11,0.00
2001-06-12,0.00
2001-06-13,0.00
2001-06-14,1.56
2001-06-15,0.95
2001-06-16,0.00
2001-06-17,0.74
2001-06-18,0.00
2001-06-19,0.54
2001-06-20,0.00
2001-06-21,0.00
2001-06-22,0.74
2001-06-23,0.54
2001-06-24,8.90
2001-06-25,0.00
2001-06-26,0.00
2001-06-27,2.58
2001-06-28,0.00
2001-06-29,7.88
2001-06-30,0.00
2001-06-31,-9999.99M
2001-07-01,25.43
2001-07-02,0.95
2001-07-03,0.00
2001-07-04,0.00
2001-07-05,8.09
2001-07-06,1.87
2001-07-07,0.00
2001-07-08,0.54
2001-07-09,12.98
2001-07-10,2.99
2001-07-11,115.60
2001-07-12,13.60
2001-07-13,0.44
2001-07-14,6.46
2001-07-15,1.76
2001-07-16,14.00
2001-07-17,0.34
2001-07-18,0.34
2001-07-19,0.00
2001-07-20,0.00
2001-07-21,0.00
2001-07-22,0.00
2001-07-23,3.40
2001-07-24,6.25
2001-07-25,0.00
2001-07-26,0.00
2001-07-27,0.00
2001-07-28,0.00
2001-07-29,0.00
2001-07-30,0.00
2001-07-31,0.00
2001-08-01,0.00
2001-08-02,0.00
2001-08-03,0.00
2001-08-04,0.00
2001-08-05,0.00
2001-08-06,0.34
2001-08-07,0.00
2001-08-08,0.00
2001-08-09,12.07
2001-08-10,0.34
2001-08-11,0.00
2001-08-12,1.46
2001-08-13,5.23
2001-08-14,0.00
2001-08-15,0.00
2001-08-16,0.00
2001-08-17,12.58
2001-08-18,2.78
2001-08-19,0.30T
2001-08-20,0.34
2001-08-21,18.49
2001-08-22,0.54
2001-08-23,4.82
2001-08-24,0.00
2001-08-25,0.00
2001-08-26,0.74
2001-08-27,2.58
2001-08-28,9.72
2001-08-29,1.36
2001-08-30,0.00
2001-08-31,3.80
2001-09-01,18.49
2001-09-02,0.00
2001-09-03,0.30T
2001-09-04,0.95
2001-09-05,0.00
2001-09-06,0.00
2001-09-07,0.00
2001-09-08,0.00
2001-09-09,0.00
2001-09-10,2.38
2001-09-11,0.54
2001-09-12,0.00
2001-09-13,0.34
2001-09-14,0.00
2001-09-15,0.34
2001-09-16,0.30T
2001-09-17,0.00
2001-09-18,0.00
2001-09-19,0.00
2001-09-20,0.00
2001-09-21,2.58
2001-09-22,1.66
2001-09-23,0.00
2001-09-24,0.00
2001-09-25,7.58
2001-09-26,13.19
2001-09-27,1.56
2001-09-28,0.00
2001-09-29,0.00
2001-09-30,0.00
2001-09-31,-9999.99M
2001-10-01,0.00
2001-10-02,0.00
2001-10-03,7.27
2001-10-04,0.34
2001-10-05,0.34
2001-10-06,5.03
2001-10-07,0.00
2001-10-08,0.30T
2001-10-09,0.00
2001-10-10,0.34
2001-10-11,0.00
2001-10-12,0.30T
2001-10-13,0.00
2001-10-14,0.30T
2001-10-15,5.33
2001-10-16,0.00
2001-10-17,19.21
2001-10-18,0.00
2001-10-19,0.00
2001-10-20,1.76
2001-10-21,1.76
2001-10-22,1.97
2001-10-23,12.98
2001-10-24,5.03
2001-10-25,2.58
2001-10-26,0.30T
2001-10-27,0.00
2001-10-28,0.00
2001-10-29,0.00
2001-10-30,0.00
2001-10-31,0.00
2001-11-01,0.30T
2001-11-02,1.46
2001-11-03,2.07
2001-11-04,0.00
2001-11-05,1.56
2001-11-06,13.80
2001-11-07,2.78
2001-11-08,0.00
2001-11-09,5.84
2001-11-10,0.00
2001-11-11,0.00
2001-11-12,0.00
2001-11-13,0.00
2001-11-14,0.00
2001-11-15,0.34
2001-11-16,0.95
2001-11-17,0.00
2001-11-18,0.00
2001-11-19,0.00
2001-11-20,3.60
2001-11-21,0.00
2001-11-22,0.00
2001-11-23,0.30T
2001-11-24,0.30T
2001-11-25,0.00
2001-11-26,1.36
2001-11-27,0.00
2001-11-28,0.00
2001-11-29,0.00
2001-11-30,2.17
2001-11-31,-9999.99M
2001-12-01,3.60
2001-12-02,0.34
2001-12-03,0.00
2001-12-04,0.00
2001-12-05,0.30T
2001-12-06,8.50
2001-12-07,0.00
2001-12-08,0.00
2001-12-09,0.00
2001-12-10,0.00
2001-12-11,0.00
2001-12-12,0.00
2001-12-13,0.30T
2001-12-14,0.00
2001-12-15,0.00
2001-12-16,0.00
2001-12-17,0.00
2001-12-18,0.00
2001-12-19,0.00
2001-12-20,0.00
2001-12-21,0.00
2001-12-22,0.00
2001-12-23,0.00
2001-12-24,2.99
2001-12-25,2.78
2001-12-26,0.00
2001-12-27,0.00
2001-12-28,0.00
2001-12-29,0.00
2001-12-30,0.00
2001-12-31,0.00
2002-01-01,0.00
2002-01-02,0.00
2002-01-03,0.00
2002-01-04,0.00
2002-01-05,0.00
2002-01-06,0.00
2002-01-07,0.00
2002-01-08,0.00
2002-01-09,0.00
2002-01-10,0.30T
2002-01-11,0.00
2002-01-12,0.00
2002-01-13,0.00
2002-01-14,0.00
2002-01-15,0.00
2002-01-16,0.00
2002-01-17,0.00
2002-01-18,0.00
2002-01-19,0.00
2002-01-20,0.00
2002-01-21,0.00
2002-01-22,0.00
2002-01-23,0.00
2002-01-24,0.00
2002-01-25,0.00
2002-01-26,0.00
2002-01-27,0.00
2002-01-28,0.30T
2002-01-29,0.00
2002-01-30,0.00
2002-01-31,0.00
2002-02-01,0.00
2002-02-02,0.00
2002-02-03,0.00
2002-02-04,0.00
2002-02-05,0.00
2002-02-06,0.00
2002-02-07,0.00
2002-02-08,0.00
2002-02-09,0.00
2002-02-10,0.00
2002-02-11,0.00
2002-02-12,0.00
2002-02-13,0.00
2002-02-14,0.00
2002-02-15,0.00
2002-02-16,0.34
2002-02-17,0.00
2002-02-18,0.00
2002-02-19,0.00
2002-02-20,0.00
2002-02-21,0.30T
2002-02-22,0.00
2002-02-23,0.00
2002-02-24,0.00
2002-02-25,0.00
2002-02-26,0.30T
2002-02-27,6.15
2002-02-28,0.74
2002-02-29,-9999.99M
2002-02-30,-9999.99M
2002-02-31,-9999.99M
2002-03-01,0.00
2002-03-02,0.00
2002-03-03,3.19
2002-03-04,0.00
2002-03-05,0.00
2002-03-06,0.00
2002-03-07,0.00
2002-03-08,0.00
2002-03-09,0.34
2002-03-10,1.15
2002-03-11,0.00
2002-03-12,0.00
2002-03-13,0.00
2002-03-14,0.30T
2002-03-15,0.00
2002-03-16,0.00
2002-03-17,0.00
2002-03-18,0.00
2002-03-19,0.00
2002-03-20,0.00
2002-03-21,0.00
2002-03-22,0.00
2002-03-23,0.00
2002-03-24,0.00
2002-03-25,0.00
2002-03-26,0.00
2002-03-27,0.00
2002-03-28,0.00
2002-03-29,0.00
2002-03-30,0.34
2002-03-31,0.00
2002-04-01,6.76
2002-04-02,0.30T
2002-04-03,4.21
2002-04-04,0.30T
2002-04-05,0.00
2002-04-06,0.00
2002-04-07,0.00
2002-04-08,0.00
2002-04-09,11.76
2002-04-10,0.30T
2002-04-11,0.00
2002-04-12,0.30T
2002-04-13,1.56
2002-04-14,0.00
2002-04-15,0.00
2002-04-16,0.00
2002-04-17,0.00
2002-04-18,0.74
2002-04-19,5.33
2002-04-20,0.00
2002-04-21,0.00
2002-04-22,0.00
2002-04-23,0.30T
2002-04-24,0.00
2002-04-25,0.00
2002-04-26,1.25
2002-04-27,0.00
2002-04-28,0.00
2002-04-29,0.00
2002-04-30,0.00
2002-04-31,-9999.99M
2002-05-01,0.00
2002-05-02,1.36
2002-05-03,6.46
2002-05-04,0.00
2002-05-05,0.00
2002-05-06,5.23
2002-05-07,13.39
2002-05-08,0.00
2002-05-09,3.60
2002-05-10,8.90
2002-05-11,0.00
2002-05-12,0.00
2002-05-13,0.00
2002-05-14,11.76
2002-05-15,5.64
2002-05-16,1.15
2002-05-17,5.03
2002-05-18,0.95
2002-05-19,0.54
2002-05-20,1.97
2002-05-21,1.56
2002-05-22,0.00
2002-05-23,0.00
2002-05-24,1.76
2002-05-25,0.00
2002-05-26,0.34
2002-05-27,0.74
2002-05-28,0.00
2002-05-29,0.00
2002-05-30,0.00
2002-05-31,0.54
2002-06-01,1.76
2002-06-02,0.30T
2002-06-03,0.30T
2002-06-04,0.00
2002-06-05,5.95
2002-06-06,0.00
2002-06-07,0.00
2002-06-08,2.78
2002-06-09,5.44
2002-06-10,0.00
2002-06-11,0.74
2002-06-12,0.74
2002-06-13,0.00
2002-06-14,0.00
2002-06-15,0.00
2002-06-16,22.98
2002-06-17,1.97
2002-06-18,22.98
2002-06-19,0.00
2002-06-20,0.00
2002-06-21,0.34
2002-06-22,0.00
2002-06-23,5.44
2002-06-24,0.30T
2002-06-25,0.00
2002-06-26,4.01
2002-06-27,6.05
2002-06-28,0.00
2002-06-29,0.34
2002-06-30,0.00
2002-06-31,-9999.99M
2002-07-01,0.00
2002-07-02,7.48
2002-07-03,2.38
2002-07-04,16.86
2002-07-05,7.88
2002-07-06,0.54
2002-07-07,0.30T
2002-07-08,0.00
2002-07-09,1.15
2002-07-10,0.00
2002-07-11,0.30T
2002-07-12,3.40
2002-07-13,6.46
2002-07-14,0.00
2002-07-15,3.91
2002-07-16,0.74
2002-07-17,0.54
2002-07-18,0.00
2002-07-19,0.34
2002-07-20,0.34
2002-07-21,0.30T
2002-07-22,0.00
2002-07-23,5.54
2002-07-24,0.00
2002-07-25,0.00
2002-07-26,0.00
2002-07-27,0.30T
2002-07-28,0.00
2002-07-29,5.54
2002-07-30,7.17
2002-07-31,0.95
2002-08-01,0.44
2002-08-02,1.76
2002-08-03,1.15
2002-08-04,0.54
2002-08-05,4.62
2002-08-06,7.68
2002-08-07,33.38
2002-08-08,0.54
2002-08-09,0.00
2002-08-10,0.00
2002-08-11,0.00
2002-08-12,0.54
2002-08-13,0.00
2002-08-14,0.00
2002-08-15,1.36
2002-08-16,0.00
2002-08-17,0.00
2002-08-18,10.94
2002-08-19,0.00
2002-08-20,0.00
2002-08-21,0.00
2002-08-22,7.07
2002-08-23,0.00
2002-08-24,0.00
2002-08-25,0.00
2002-08-26,2.58
2002-08-27,0.00
2002-08-28,0.00
2002-08-29,0.00
2002-08-30,4.01
2002-08-31,0.00
2002-09-01,0.00
2002-09-02,0.00
2002-09-03,0.00
2002-09-04,12.17
2002-09-05,0.54
2002-09-06,0.00
2002-09-07,0.30T
2002-09-08,4.82
2002-09-09,1.76
2002-09-10,2.58
2002-09-11,49.09
2002-09-12,0.00
2002-09-13,5.64
2002-09-14,0.54
2002-09-15,11.35
2002-09-16,0.00
2002-09-17,0.00
2002-09-18,0.00
2002-09-19,0.00
2002-09-20,0.95
2002-09-21,14.62
2002-09-22,1.36
2002-09-23,0.34
2002-09-24,0.00
2002-09-25,0.00
2002-09-26,0.00
2002-09-27,6.86
2002-09-28,5.44
2002-09-29,0.00
2002-09-30,0.95
2002-09-31,-9999.99M
2002-10-01,5.23
2002-10-02,0.00
2002-10-03,0.00
2002-10-04,0.54
2002-10-05,1.97
2002-10-06,0.00
2002-10-07,0.30T
2002-10-08,0.00
2002-10-09,0.00
2002-10-10,0.95
2002-10-11,0.44
2002-10-12,0.30T
2002-10-13,7.27
2002-10-14,8.70
2002-10-15,0.00
2002-10-16,0.34
2002-10-17,10.13
2002-10-18,0.00
2002-10-19,7.27
2002-10-20,0.30T
2002-10-21,0.00
2002-10-22,0.00
2002-10-23,1.15
2002-10-24,0.00
2002-10-25,0.00
2002-10-26,0.95
2002-10-27,9.92
2002-10-28,0.30T
2002-10-29,0.00
2002-10-30,0.00
2002-10-31,0.00
2002-11-01,-9999.99M
2002-11-02,-9999.99M
2002-11-03,-9999.99M
2002-11-04,-9999.99M
2002-11-05,-9999.99M
2002-11-06,-9999.99M
2002-11-07,-9999.99M
2002-11-08,-9999.99M
2002-11-09,-9999.99M
2002-11-10,-9999.99M
2002-11-11,-9999.99M
2002-11-12,-9999.99M
2002-11-13,-9999.99M
2002-11-14,-9999.99M
2002-11-15,-9999.99M
2002-11-16,-9999.99M
2002-11-17,-9999.99M
2002-11-18,-9999.99M
2002-11-19,-9999.99M
2002-11-20,-9999.99M
2002-11-21,-9999.99M
2002-11-22,-9999.99M
2002-11-23,-9999.99M
2002-11-24,-9999.99M
2002-11-25,-9999.99M
2002-11-26,-9999.99M
2002-11-27,-9999.99M
2002-11-28,-9999.99M
2002-11-29,-9999.99M
2002-11-30,-9999.99M
2002-11-31,-9999.99M
2002-12-01,-9999.99M
2002-12-02,-9999.99M
2002-12-03,-9999.99M
2002-12-04,-9999.99M
2002-12-05,-9999.99M
2002-12-06,-9999.99M
2002-12-07,-9999.99M
2002-12-08,-9999.99M
2002-12-09,-9999.99M
2002-12-10,-9999.99M
2002-12-11,-9999.99M
2002-12-12,-9999.99M
2002-12-13,-9999.99M
2002-12-14,-9999.99M
2002-12-15,-9999.99M
2002-12-16,-9999.99M
2002-12-17,-9999.99M
2002-12-18,-9999.99M
2002-12-19,-9999.99M
2002-12-20,-9999.99M
2002-12-21,-9999.99M
2002-12-22,-9999.99M
2002-12-23,-9999.99M
2002-12-24,-9999.99M
2002-12-25,-9999.99M
2002-12-26,-9999.99M
2002-12-27,-9999.99M
2002-12-28,-9999.99M
2002-12-29,-9999.99M
2002-12-30,-9999.99M
2002-12-31,-9999.99M
2003-01-01,-9999.99M
2003-01-02,-9999.99M
2003-01-03,-9999.99M
2003-01-04,-9999.99M
2003-01-05,-9999.99M
2003-01-06,-9999.99M
2003-01-07,-9999.99M
2003-01-08,-9999.99M
2003-01-09,-9999.99M
2003-01-10,-9999.99M
2003-01-11,-9999.99M
2003-01-12,-9999.99M
2003-01-13,-9999.99M
2003-01-14,-9999.99M
2003-01-15,-9999.99M
2003-01-16,-9999.99M
2003-01-17,-9999.99M
2003-01-18,-9999.99M
2003-01-19,-9999.99M
2003-01-20,-9999.99M
2003-01-21,-9999.99M
2003-01-22,-9999.99M
2003-01-23,-9999.99M
2003-01-24,-9999.99M
2003-01-25,-9999.99M
2003-01-26,-9999.99M
2003-01-27,-9999.99M
2003-01-28,-9999.99M
2003-01-29,-9999.99M
2003-01-30,-9999.99M
2003-01-31,-9999.99M
2003-02-01,-9999.99M
2003-02-02,-9999.99M
2003-02-03,-9999.99M
2003-02-04,-9999.99M
2003-02-05,-9999.99M
2003-02-06,-9999.99M
2003-02-07,-9999.99M
2003-02-08,-9999.99M
2003-02-09,-9999.99M
2003-02-10,-9999.99M
2003-02-11,-9999.99M
2003-02-12,-9999.99M
2003-02-13,-9999.99M
2003-02-14,-9999.99M
2003-02-15,-9999.99M
2003-02-16,-9999.99M
2003-02-17,-9999.99M
2003-02-18,-9999.99M
2003-02-19,-9999.99M
2003-02-20,-9999.99M
2003-02-21,-9999.99M
2003-02-22,-9999.99M
2003-02-23,-9999.99M
2003-02-24,-9999.99M
2003-02-25,-9999.99M
2003-02-26,-9999.99M
2003-02-27,-9999.99M
2003-02-28,-9999.99M
2003-02-29,-9999.99M
2003-02-30,-9999.99M
2003-02-31,-9999.99M
2003-03-01,-9999.99M
2003-03-02,-9999.99M
2003-03-03,-9999.99M
2003-03-04,-9999.99M
2003-03-05,-9999.99M
2003-03-06,-9999.99M
2003-03-07,-9999.99M
2003-03-08,-9999.99M
2003-03-09,-9999.99M
2003-03-10,-9999.99M
2003-03-11,-9999.99M
2003-03-12,-9999.99M
2003-03-13,-9999.99M
2003-03-14,-9999.99M
2003-03-15,-9999.99M
2003-03-16,-9999.99M
2003-03-17,-9999.99M
2003-03-18,-9999.99M
2003-03-19,-9999.99M
2003-03-20,-9999.99M
2003-03-21,-9999.99M
2003-03-22,-9999.99M
2003-03-23,-9999.99M
2003-03-24,-9999.99M
2003-03-25,-9999.99M
2003-03-26,-9999.99M
2003-03-27,-9999.99M
2003-03-28,-9999.99M
2003-03-29,-9999.99M
2003-03-30,-9999.99M
2003-03-31,-9999.99M
2003-04-01,-9999.99M
2003-04-02,-9999.99M
2003-04-03,-9999.99M
2003-04-04,-9999.99M
2003-04-05,-9999.99M
2003-04-06,-9999.99M
2003-04-07,-9999.99M
2003-04-08,-9999.99M
2003-04-09,-9999.99M
2003-04-10,-9999.99M
2003-04-11,-9999.99M
2003-04-12,-9999.99M
2003-04-13,-9999.99M
2003-04-14,-9999.99M
2003-04-15,-9999.99M
2003-04-16,-9999.99M
2003-04-17,-9999.99M
2003-04-18,-9999.99M
2003-04-19,-9999.99M
2003-04-20,-9999.99M
2003-04-21,-9999.99M
2003-04-22,-9999.99M
2003-04-23,-9999.99M
2003-04-24,-9999.99M
2003-04-25,-9999.99M
2003-04-26,-9999.99M
2003-04-27,-9999.99M
2003-04-28,-9999.99M
2003-04-29,-9999.99M
2003-04-30,-9999.99M
2003-04-31,-9999.99M
2003-05-01,-9999.99M
2003-05-02,-9999.99M
2003-05-03,-9999.99M
2003-05-04,-9999.99M
2003-05-05,-9999.99M
2003-05-06,-9999.99M
2003-05-07,-9999.99M
2003-05-08,-9999.99M
2003-05-09,-9999.99M
2003-05-10,-9999.99M
2003-05-11,-9999.99M
2003-05-12,-9999.99M
2003-05-13,-9999.99M
2003-05-14,-9999.99M
2003-05-15,-9999.99M
2003-05-16,-9999.99M
2003-05-17,-9999.99M
2003-05-18,-9999.99M
2003-05-19,-9999.99M
2003-05-20,-9999.99M
2003-05-21,-9999.99M
2003-05-22,-9999.99M
2003-05-23,-9999.99M
2003-05-24,-9999.99M
2003-05-25,-9999.99M
2003-05-26,-9999.99M
2003-05-27,-9999.99M
2003-05-28,-9999.99M
2003-05-29,-9999.99M
2003-05-30,-9999.99M
2003-05-31,-9999.99M
2003-06-01,-9999.99M
2003-06-02,-9999.99M
2003-06-03,-9999.99M
2003-06-04,-9999.99M
2003-06-05,-9999.99M
2003-06-06,-9999.99M
2003-06-07,-9999.99M
2003-06-08,-9999.99M
2003-06-09,-9999.99M
2003-06-10,-9999.99M
2003-06-11,-9999.99M
2003-06-12,-9999.99M
2003-06-13,-9999.99M
2003-06-14,-9999.99M
2003-06-15,-9999.99M
2003-06-16,-9999.99M
2003-06-17,-9999.99M
2003-06-18,-9999.99M
2003-06-19,-9999.99M
2003-06-20,-9999.99M
2003-06-21,-9999.99M
2003-06-22,-9999.99M
2003-06-23,-9999.99M
2003-06-24,-9999.99M
2003-06-25,-9999.99M
2003-06-26,-9999.99M
2003-06-27,-9999.99M
2003-06-28,-9999.99M
2003-06-29,-9999.99M
2003-06-30,-9999.99M
2003-06-31,-9999.99M
2003-07-01,-9999.99M
2003-07-02,-9999.99M
2003-07-03,-9999.99M
2003-07-04,-9999.99M
2003-07-05,-9999.99M
2003-07-06,-9999.99M
2003-07-07,-9999.99M
2003-07-08,-9999.99M
2003-07-09,-9999.99M
2003-07-10,-9999.99M
2003-07-11,-9999.99M
2003-07-12,-9999.99M
2003-07-13,-9999.99M
2003-07-14,-9999.99M
2003-07-15,-9999.99M
2003-07-16,-9999.99M
2003-07-17,-9999.99M
2003-07-18,-9999.99M
2003-07-19,-9999.99M
2003-07-20,-9999.99M
2003-07-21,-9999.99M
2003-07-22,-9999.99M
2003-07-23,-9999.99M
2003-07-24,-9999.99M
2003-07-25,-9999.99M
2003-07-26,-9999.99M
2003-07-27,-9999.99M
2003-07-28,-9999.99M
2003-07-29,-9999.99M
2003-07-30,-9999.99M
2003-07-31,-9999.99M
2003-08-01,-9999.99M
2003-08-02,-9999.99M
2003-08-03,-9999.99M
2003-08-04,-9999.99M
2003-08-05,-9999.99M
2003-08-06,-9999.99M
2003-08-07,-9999.99M
2003-08-08,-9999.99M
2003-08-09,-9999.99M
2003-08-10,-9999.99M
2003-08-11,-9999.99M
2003-08-12,-9999.99M
2003-08-13,-9999.99M
2003-08-14,-9999.99M
2003-08-15,-9999.99M
2003-08-16,-9999.99M
2003-08-17,-9999.99M
2003-08-18,-9999.99M
2003-08-19,-9999.99M
2003-08-20,-9999.99M
2003-08-21,-9999.99M
2003-08-22,-9999.99M
2003-08-23,-9999.99M
2003-08-24,-9999.99M
2003-08-25,-9999.99M
2003-08-26,-9999.99M
2003-08-27,-9999.99M
2003-08-28,-9999.99M
2003-08-29,-9999.99M
2003-08-30,-9999.99M
2003-08-31,-9999.99M
2003-09-01,-9999.99M
2003-09-02,-9999.99M
2003-09-03,-9999.99M
2003-09-04,-9999.99M
2003-09-05,-9999.99M
2003-09-06,-9999.99M
2003-09-07,-9999.99M
2003-09-08,-9999.99M
2003-09-09,-9999.99M
2003-09-10,-9999.99M
2003-09-11,-9999.99M
2003-09-12,-9999.99M
2003-09-13,-9999.99M
2003-09-14,-9999.99M
2003-09-15,-9999.99M
2003-09-16,-9999.99M
2003-09-17,-9999.99M
2003-09-18,-9999.99M
2003-09-19,-9999.99M
2003-09-20,-9999.99M
2003-09-21,-9999.99M
2003-09-22,-9999.99M
2003-09-23,-9999.99M
2003-09-24,-9999.99M
2003-09-25,-9999.99M
2003-09-26,-9999.99M
2003-09-27,-9999.99M
2003-09-28,-9999.99M
2003-09-29,-9999.99M
2003-09-30,-9999.99M
2003-09-31,-9999.99M
2003-10-01,-9999.99M
2003-10-02,-9999.99M
2003-10-03,-9999.99M
2003-10-04,-9999.99M
2003-10-05,-9999.99M
2003-10-06,-9999.99M
2003-10-07,-9999.99M
2003-10-08,-9999.99M
2003-10-09,-9999.99M
2003-10-10,-9999.99M
2003-10-11,-9999.99M
2003-10-12,-9999.99M
2003-10-13,-9999.99M
2003-10-14,-9999.99M
2003-10-15,-9999.99M
2003-10-16,-9999.99M
2003-10-17,-9999.99M
2003-10-18,-9999.99M
2003-10-19,-9999.99M
2003-10-20,-9999.99M
2003-10-21,-9999.99M
2003-10-22,-9999.99M
2003-10-23,-9999.99M
2003-10-24,-9999.99M
2003-10-25,-9999.99M
2003-10-26,-9999.99M
2003-10-27,-9999.99M
2003-10-28,-9999.99M
2003-10-29,-9999.99M
2003-10-30,-9999.99M
2003-10-31,-9999.99M
2003-11-01,-9999.99M
2003-11-02,-9999.99M
2003-11-03,-9999.99M
2003-11-04,-9999.99M
2003-11-05,-9999.99M
2003-11-06,-9999.99M
2003-11-07,-9999.99M
2003-11-08,-9999.99M
2003-11-09,-9999.99M
2003-11-10,-9999.99M
2003-11-11,-9999.99M
2003-11-12,-9999.99M
2003-11-13,-9999.99M
2003-11-14,-9999.99M
2003-11-15,-9999.99M
2003-11-16,-9999.99M
2003-11-17,-9999.99M
2003-11-18,-9999.99M
2003-11-19,-9999.99M
2003-11-20,-9999.99M
2003-11-21,-9999.99M
2003-11-22,-9999.99M
2003-11-23,-9999.99M
2003-11-24,-9999.99M
2003-11-25,-9999.99M
2003-11-26,-9999.99M
2003-11-27,-9999.99M
2003-11-28,-9999.99M
2003-11-29,-9999.99M
2003-11-30,-9999.99M
2003-11-31,-9999.99M
2003-12-01,-9999.99M
2003-12-02,-9999.99M
2003-12-03,-9999.99M
2003-12-04,-9999.99M
2003-12-05,-9999.99M
2003-12-06,-9999.99M
2003-12-07,-9999.99M
2003-12-08,-9999.99M
2003-12-09,-9999.99M
2003-12-10,-9999.99M
2003-12-11,-9999.99M
2003-12-12,-9999.99M
2003-12-13,-9999.99M
2003-12-14,-9999.99M
2003-12-15,-9999.99M
2003-12-16,-9999.99M
2003-12-17,-9999.99M
2003-12-18,-9999.99M
2003-12-19,-9999.99M
2003-12-20,-9999.99M
2003-12-21,-9999.99M
2003-12-22,-9999.99M
2003-12-23,-9999.99M
2003-12-24,-9999.99M
2003-12-25,-9999.99M
2003-12-26,-9999.99M
2003-12-27,-9999.99M
2003-12-28,-9999.99M
2003-12-29,-9999.99M
2003-12-30,-9999.99M
2003-12-31,-9999.99M
2004-01-01,-9999.99M
2004-01-02,-9999.99M
2004-01-03,-9999.99M
2004-01-04,-9999.99M
2004-01-05,-9999.99M
2004-01-06,-9999.99M
2004-01-07,-9999.99M
2004-01-08,-9999.99M
2004-01-09,-9999.99M
2004-01-10,-9999.99M
2004-01-11,-9999.99M
2004-01-12,-9999.99M
2004-01-13,-9999.99M
2004-01-14,-9999.99M
2004-01-15,-9999.99M
2004-01-16,-9999.99M
2004-01-17,-9999.99M
2004-01-18,-9999.99M
2004-01-19,-9999.99M
2004-01-20,-9999.99M
2004-01-21,-9999.99M
2004-01-22,-9999.99M
2004-01-23,-9999.99M
2004-01-24,-9999.99M
2004-01-25,-9999.99M
2004-01-26,-9999.99M
2004-01-27,-9999.99M
2004-01-28,-9999.99M
2004-01-29,-9999.99M
2004-01-30,-9999.99M
2004-01-31,-9999.99M
2004-02-01,-9999.99M
2004-02-02,-9999.99M
2004-02-03,-9999.99M
2004-02-04,-9999.99M
2004-02-05,-9999.99M
2004-02-06,-9999.99M
2004-02-07,-9999.99M
2004-02-08,-9999.99M
2004-02-09,-9999.99M
2004-02-10,-9999.99M
2004-02-11,-9999.99M
2004-02-12,-9999.99M
2004-02-13,-9999.99M
2004-02-14,-9999.99M
2004-02-15,-9999.99M
2004-02-16,-9999.99M
2004-02-17,-9999.99M
2004-02-18,-9999.99M
2004-02-19,-9999.99M
2004-02-20,-9999.99M
2004-02-21,-9999.99M
2004-02-22,-9999.99M
2004-02-23,-9999.99M
2004-02-24,-9999.99M
2004-02-25,-9999.99M
2004-02-26,-9999.99M
2004-02-27,-9999.99M
2004-02-28,-9999.99M
2004-02-29,-9999.99M
2004-02-30,-9999.99M
2004-02-31,-9999.99M
2004-03-01,-9999.99M
2004-03-02,-9999.99M
2004-03-03,-9999.99M
2004-03-04,-9999.99M
2004-03-05,-9999.99M
2004-03-06,-9999.99M
2004-03-07,-9999.99M
2004-03-08,-9999.99M
2004-03-09,-9999.99M
2004-03-10,-9999.99M
2004-03-11,-9999.99M
2004-03-12,-9999.99M
2004-03-13,-9999.99M
2004-03-14,-9999.99M
2004-03-15,-9999.99M
2004-03-16,-9999.99M
2004-03-17,-9999.99M
2004-03-18,-9999.99M
2004-03-19,-9999.99M
2004-03-20,-9999.99M
2004-03-21,-9999.99M
2004-03-22,-9999.99M
2004-03-23,-9999.99M
2004-03-24,-9999.99M
2004-03-25,-9999.99M
2004-03-26,-9999.99M
2004-03-27,-9999.99M
2004-03-28,-9999.99M
2004-03-29,-9999.99M
2004-03-30,-9999.99M
2004-03-31,-9999.99M
2004-04-01,-9999.99M
2004-04-02,-9999.99M
2004-04-03,-9999.99M
2004-04-04,-9999.99M
2004-04-05,-9999.99M
2004-04-06,-9999.99M
2004-04-07,-9999.99M
2004-04-08,-9999.99M
2004-04-09,-9999.99M
2004-04-10,-9999.99M
2004-04-11,-9999.99M
2004-04-12,-9999.99M
2004-04-13,-9999.99M
2004-04-14,-9999.99M
2004-04-15,-9999.99M
2004-04-16,-9999.99M
2004-04-17,-9999.99M
2004-04-18,-9999.99M
2004-04-19,-9999.99M
2004-04-20,-9999.99M
2004-04-21,-9999.99M
2004-04-22,-9999.99M
2004-04-23,-9999.99M
2004-04-24,-9999.99M
2004-04-25,-9999.99M
2004-04-26,-9999.99M
2004-04-27,-9999.99M
2004-04-28,-9999.99M
2004-04-29,-9999.99M
2004-04-30,-9999.99M
2004-04-31,-9999.99M
2004-05-01,-9999.99M
2004-05-02,-9999.99M
2004-05-03,-9999.99M
2004-05-04,-9999.99M
2004-05-05,-9999.99M
2004-05-06,-9999.99M
2004-05-07,-9999.99M
2004-05-08,-9999.99M
2004-05-09,-9999.99M
2004-05-10,-9999.99M
2004-05-11,-9999.99M
2004-05-12,-9999.99M
2004-05-13,-9999.99M
2004-05-14,-9999.99M
2004-05-15,-9999.99M
2004-05-16,-9999.99M
2004-05-17,-9999.99M
2004-05-18,-9999.99M
2004-05-19,-9999.99M
2004-05-20,-9999.99M
2004-05-21,-9999.99M
2004-05-22,-9999.99M
2004-05-23,-9999.99M
2004-05-24,-9999.99M
2004-05-25,-9999.99M
2004-05-26,-9999.99M
2004-05-27,-9999.99M
2004-05-28,-9999.99M
2004-05-29,-9999.99M
2004-05-30,-9999.99M
2004-05-31,-9999.99M
2004-06-01,-9999.99M
2004-06-02,-9999.99M
2004-06-03,-9999.99M
2004-06-04,-9999.99M
2004-06-05,-9999.99M
2004-06-06,-9999.99M
2004-06-07,-9999.99M
2004-06-08,-9999.99M
2004-06-09,-9999.99M
2004-06-10,-9999.99M
2004-06-11,-9999.99M
2004-06-12,-9999.99M
2004-06-13,-9999.99M
2004-06-14,-9999.99M
2004-06-15,-9999.99M
2004-06-16,-9999.99M
2004-06-17,-9999.99M
2004-06-18,-9999.99M
2004-06-19,-9999.99M
2004-06-20,-9999.99M
2004-06-21,-9999.99M
2004-06-22,-9999.99M
2004-06-23,-9999.99M
2004-06-24,-9999.99M
2004-06-25,-9999.99M
2004-06-26,-9999.99M
2004-06-27,-9999.99M
2004-06-28,-9999.99M
2004-06-29,-9999.99M
2004-06-30,-9999.99M
2004-06-31,-9999.99M
2004-07-01,-9999.99M
2004-07-02,-9999.99M
2004-07-03,-9999.99M
2004-07-04,-9999.99M
2004-07-05,-9999.99M
2004-07-06,-9999.99M
2004-07-07,-9999.99M
2004-07-08,-9999.99M
2004-07-09,-9999.99M
2004-07-10,-9999.99M
2004-07-11,-9999.99M
2004-07-12,-9999.99M
2004-07-13,-9999.99M
2004-07-14,-9999.99M
2004-07-15,-9999.99M
2004-07-16,-9999.99M
2004-07-17,-9999.99M
2004-07-18,-9999.99M
2004-07-19,-9999.99M
2004-07-20,-9999.99M
2004-07-21,-9999.99M
2004-07-22,-9999.99M
2004-07-23,-9999.99M
2004-07-24,-9999.99M
2004-07-25,-9999.99M
2004-07-26,-9999.99M
2004-07-27,-9999.99M
2004-07-28,-9999.99M
2004-07-29,-9999.99M
2004-07-30,-9999.99M
2004-07-31,-9999.99M
2004-08-01,-9999.99M
2004-08-02,-9999.99M
2004-08-03,-9999.99M
2004-08-04,-9999.99M
2004-08-05,-9999.99M
2004-08-06,-9999.99M
2004-08-07,-9999.99M
2004-08-08,-9999.99M
2004-08-09,-9999.99M
2004-08-10,-9999.99M
2004-08-11,-9999.99M
2004-08-12,-9999.99M
2004-08-13,-9999.99M
2004-08-14,-9999.99M
2004-08-15,-9999.99M
2004-08-16,-9999.99M
2004-08-17,-9999.99M
2004-08-18,-9999.99M
2004-08-19,-9999.99M
2004-08-20,-9999.99M
2004-08-21,-9999.99M
2004-08-22,-9999.99M
2004-08-23,-9999.99M
2004-08-24,-9999.99M
2004-08-25,-9999.99M
2004-08-26,-9999.99M
2004-08-27,-9999.99M
2004-08-28,-9999.99M
2004-08-29,-9999.99M
2004-08-30,-9999.99M
2004-08-31,-9999.99M
2004-09-01,-9999.99M
2004-09-02,-9999.99M
2004-09-03,-9999.99M
2004-09-04,-9999.99M
2004-09-05,-9999.99M
2004-09-06,-9999.99M
2004-09-07,-9999.99M
2004-09-08,-9999.99M
2004-09-09,-9999.99M
2004-09-10,-9999.99M
2004-09-11,-9999.99M
2004-09-12,-9999.99M
2004-09-13,-9999.99M
2004-09-14,-9999.99M
2004-09-15,-9999.99M
2004-09-16,-9999.99M
2004-09-17,-9999.99M
2004-09-18,-9999.99M
2004-09-19,-9999.99M
2004-09-20,-9999.99M
2004-09-21,-9999.99M
2004-09-22,-9999.99M
2004-09-23,-9999.99M
2004-09-24,-9999.99M
2004-09-25,-9999.99M
2004-09-26,-9999.99M
2004-09-27,-9999.99M
2004-09-28,-9999.99M
2004-09-29,-9999.99M
2004-09-30,-9999.99M
2004-09-31,-9999.99M
2004-10-01,-9999.99M
2004-10-02,-9999.99M
2004-10-03,-9999.99M
2004-10-04,-9999.99M
2004-10-05,-9999.99M
2004-10-06,-9999.99M
2004-10-07,-9999.99M
2004-10-08,-9999.99M
2004-10-09,-9999.99M
2004-10-10,-9999.99M
2004-10-11,-9999.99M
2004-10-12,-9999.99M
2004-10-13,-9999.99M
2004-10-14,-9999.99M
2004-10-15,-9999.99M
2004-10-16,-9999.99M
2004-10-17,-9999.99M
2004-10-18,-9999.99M
2004-10-19,-9999.99M
2004-10-20,-9999.99M
2004-10-21,-9999.99M
2004-10-22,-9999.99M
2004-10-23,-9999.99M
2004-10-24,-9999.99M
2004-10-25,-9999.99M
2004-10-26,-9999.99M
2004-10-27,-9999.99M
2004-10-28,-9999.99M
2004-10-29,-9999.99M
2004-10-30,-9999.99M
2004-10-31,-9999.99M
2004-11-01,-9999.99M
2004-11-02,-9999.99M
2004-11-03,-9999.99M
2004-11-04,-9999.99M
2004-11-05,-9999.99M
2004-11-06,-9999.99M
2004-11-07,-9999.99M
2004-11-08,-9999.99M
2004-11-09,-9999.99M
2004-11-10,-9999.99M
2004-11-11,-9999.99M
2004-11-12,-9999.99M
2004-11-13,-9999.99M
2004-11-14,-9999.99M
2004-11-15,-9999.99M
2004-11-16,-9999.99M
2004-11-17,-9999.99M
2004-11-18,-9999.99M
2004-11-19,-9999.99M
2004-11-20,-9999.99M
2004-11-21,-9999.99M
2004-11-22,-9999.99M
2004-11-23,-9999.99M
2004-11-24,-9999.99M
2004-11-25,-9999.99M
2004-11-26,-9999.99M
2004-11-27,-9999.99M
2004-11-28,-9999.99M
2004-11-29,-9999.99M
2004-11-30,-9999.99M
2004-11-31,-9999.99M
2004-12-01,-9999.99M
2004-12-02,-9999.99M
2004-12-03,-9999.99M
2004-12-04,-9999.99M
2004-12-05,-9999.99M
2004-12-06,-9999.99M
2004-12-07,-9999.99M
2004-12-08,-9999.99M
2004-12-09,-9999.99M
2004-12-10,-9999.99M
2004-12-11,-9999.99M
2004-12-12,-9999.99M
2004-12-13,-9999.99M
2004-12-14,-9999.99M
2004-12-15,-9999.99M
2004-12-16,-9999.99M
2004-12-17,-9999.99M
2004-12-18,-9999.99M
2004-12-19,-9999.99M
2004-12-20,-9999.99M
2004-12-21,-9999.99M
2004-12-22,-9999.99M
2004-12-23,-9999.99M
2004-12-24,-9999.99M
2004-12-25,-9999.99M
2004-12-26,-9999.99M
2004-12-27,-9999.99M
2004-12-28,-9999.99M
2004-12-29,-9999.99M
2004-12-30,-9999.99M
2004-12-31,-9999.99M
2005-01-01,-9999.99M
2005-01-02,-9999.99M
2005-01-03,-9999.99M
2005-01-04,-9999.99M
2005-01-05,-9999.99M
2005-01-06,-9999.99M
2005-01-07,-9999.99M
2005-01-08,-9999.99M
2005-01-09,-9999.99M
2005-01-10,-9999.99M
2005-01-11,-9999.99M
2005-01-12,-9999.99M
2005-01-13,-9999.99M
2005-01-14,-9999.99M
2005-01-15,-9999.99M
2005-01-16,-9999.99M
2005-01-17,-9999.99M
2005-01-18,-9999.99M
2005-01-19,-9999.99M
2005-01-20,-9999.99M
2005-01-21,-9999.99M
2005-01-22,-9999.99M
2005-01-23,-9999.99M
2005-01-24,-9999.99M
2005-01-25,-9999.99M
2005-01-26,-9999.99M
2005-01-27,-9999.99M
2005-01-28,-9999.99M
2005-01-29,-9999.99M
2005-01-30,-9999.99M
2005-01-31,-9999.99M
2005-02-01,-9999.99M
2005-02-02,-9999.99M
2005-02-03,-9999.99M
2005-02-04,-9999.99M
2005-02-05,-9999.99M
2005-02-06,-9999.99M
2005-02-07,-9999.99M
2005-02-08,-9999.99M
2005-02-09,-9999.99M
2005-02-10,-9999.99M
2005-02-11,-9999.99M
2005-02-12,-9999.99M
2005-02-13,-9999.99M
2005-02-14,-9999.99M
2005-02-15,-9999.99M
2005-02-16,-9999.99M
2005-02-17,-9999.99M
2005-02-18,-9999.99M
2005-02-19,-9999.99M
2005-02-20,-9999.99M
2005-02-21,-9999.99M
2005-02-22,-9999.99M
2005-02-23,-9999.99M
2005-02-24,-9999.99M
2005-02-25,-9999.99M
2005-02-26,-9999.99M
2005-02-27,-9999.99M
2005-02-28,-9999.99M
2005-02-29,-9999.99M
2005-02-30,-9999.99M
2005-02-31,-9999.99M
2005-03-01,-9999.99M
2005-03-02,-9999.99M
2005-03-03,-9999.99M
2005-03-04,-9999.99M
2005-03-05,-9999.99M
2005-03-06,-9999.99M
2005-03-07,-9999.99M
2005-03-08,-9999.99M
2005-03-09,-9999.99M
2005-03-10,-9999.99M
2005-03-11,-9999.99M
2005-03-12,-9999.99M
2005-03-13,-9999.99M
2005-03-14,-9999.99M
2005-03-15,-9999.99M
2005-03-16,-9999.99M
2005-03-17,-9999.99M
2005-03-18,-9999.99M
2005-03-19,-9999.99M
2005-03-20,-9999.99M
2005-03-21,-9999.99M
2005-03-22,-9999.99M
2005-03-23,-9999.99M
2005-03-24,-9999.99M
2005-03-25,-9999.99M
2005-03-26,-9999.99M
2005-03-27,-9999.99M
2005-03-28,-9999.99M
2005-03-29,-9999.99M
2005-03-30,-9999.99M
2005-03-31,-9999.99M
2005-04-01,-9999.99M
2005-04-02,-9999.99M
2005-04-03,-9999.99M
2005-04-04,-9999.99M
2005-04-05,-9999.99M
2005-04-06,-9999.99M
2005-04-07,-9999.99M
2005-04-08,-9999.99M
2005-04-09,-9999.99M
2005-04-10,-9999.99M
2005-04-11,-9999.99M
2005-04-12,-9999.99M
2005-04-13,-9999.99M
2005-04-14,-9999.99M
2005-04-15,-9999.99M
2005-04-16,-9999.99M
2005-04-17,-9999.99M
2005-04-18,-9999.99M
2005-04-19,-9999.99M
2005-04-20,-9999.99M
2005-04-21,-9999.99M
2005-04-22,-9999.99M
2005-04-23,-9999.99M
2005-04-24,-9999.99M
2005-04-25,-9999.99M
2005-04-26,-9999.99M
2005-04-27,-9999.99M
2005-04-28,-9999.99M
2005-04-29,-9999.99M
2005-04-30,-9999.99M
2005-04-31,-9999.99M
2005-05-01,-9999.99M
2005-05-02,-9999.99M
2005-05-03,-9999.99M
2005-05-04,-9999.99M
2005-05-05,-9999.99M
2005-05-06,-9999.99M
2005-05-07,-9999.99M
2005-05-08,-9999.99M
2005-05-09,-9999.99M
2005-05-10,-9999.99M
2005-05-11,-9999.99M
2005-05-12,-9999.99M
2005-05-13,-9999.99M
2005-05-14,-9999.99M
2005-05-15,-9999.99M
2005-05-16,-9999.99M
2005-05-17,-9999.99M
2005-05-18,-9999.99M
2005-05-19,-9999.99M
2005-05-20,-9999.99M
2005-05-21,-9999.99M
2005-05-22,-9999.99M
2005-05-23,-9999.99M
2005-05-24,-9999.99M
2005-05-25,-9999.99M
2005-05-26,-9999.99M
2005-05-27,-9999.99M
2005-05-28,-9999.99M
2005-05-29,-9999.99M
2005-05-30,-9999.99M
2005-05-31,-9999.99M
2005-06-01,-9999.99M
2005-06-02,-9999.99M
2005-06-03,-9999.99M
2005-06-04,-9999.99M
2005-06-05,-9999.99M
2005-06-06,-9999.99M
2005-06-07,-9999.99M
2005-06-08,-9999.99M
2005-06-09,-9999.99M
2005-06-10,-9999.99M
2005-06-11,-9999.99M
2005-06-12,-9999.99M
2005-06-13,-9999.99M
2005-06-14,-9999.99M
2005-06-15,-9999.99M
2005-06-16,-9999.99M
2005-06-17,-9999.99M
2005-06-18,-9999.99M
2005-06-19,-9999.99M
2005-06-20,-9999.99M
2005-06-21,-9999.99M
2005-06-22,-9999.99M
2005-06-23,-9999.99M
2005-06-24,-9999.99M
2005-06-25,-9999.99M
2005-06-26,-9999.99M
2005-06-27,-9999.99M
2005-06-28,-9999.99M
2005-06-29,-9999.99M
2005-06-30,-9999.99M
2005-06-31,-9999.99M
2005-07-01,-9999.99M
2005-07-02,-9999.99M
2005-07-03,-9999.99M
2005-07-04,-9999.99M
2005-07-05,-9999.99M
2005-07-06,-9999.99M
2005-07-07,-9999.99M
2005-07-08,-9999.99M
2005-07-09,-9999.99M
2005-07-10,-9999.99M
2005-07-11,-9999.99M
2005-07-12,-9999.99M
2005-07-13,-9999.99M
2005-07-14,-9999.99M
2005-07-15,-9999.99M
2005-07-16,-9999.99M
2005-07-17,-9999.99M
2005-07-18,-9999.99M
2005-07-19,-9999.99M
2005-07-20,-9999.99M
2005-07-21,-9999.99M
2005-07-22,-9999.99M
2005-07-23,-9999.99M
2005-07-24,-9999.99M
2005-07-25,-9999.99M
2005-07-26,-9999.99M
2005-07-27,-9999.99M
2005-07-28,-9999.99M
2005-07-29,-9999.99M
2005-07-30,-9999.99M
2005-07-31,-9999.99M
2005-08-01,-9999.99M
2005-08-02,-9999.99M
2005-08-03,-9999.99M
2005-08-04,-9999.99M
2005-08-05,-9999.99M
2005-08-06,-9999.99M
2005-08-07,-9999.99M
2005-08-08,-9999.99M
2005-08-09,-9999.99M
2005-08-10,-9999.99M
2005-08-11,-9999.99M
2005-08-12,-9999.99M
2005-08-13,-9999.99M
2005-08-14,-9999.99M
2005-08-15,-9999.99M
2005-08-16,-9999.99M
2005-08-17,-9999.99M
2005-08-18,-9999.99M
2005-08-19,-9999.99M
2005-08-20,-9999.99M
2005-08-21,-9999.99M
2005-08-22,-9999.99M
2005-08-23,-9999.99M
2005-08-24,-9999.99M
2005-08-25,-9999.99M
2005-08-26,-9999.99M
2005-08-27,-9999.99M
2005-08-28,-9999.99M
2005-08-29,-9999.99M
2005-08-30,-9999.99M
2005-08-31,-9999.99M
2005-09-01,-9999.99M
2005-09-02,-9999.99M
2005-09-03,-9999.99M
2005-09-04,-9999.99M
2005-09-05,-9999.99M
2005-09-06,-9999.99M
2005-09-07,-9999.99M
2005-09-08,-9999.99M
2005-09-09,-9999.99M
2005-09-10,-9999.99M
2005-09-11,-9999.99M
2005-09-12,-9999.99M
2005-09-13,-9999.99M
2005-09-14,-9999.99M
2005-09-15,-9999.99M
2005-09-16,-9999.99M
2005-09-17,-9999.99M
2005-09-18,-9999.99M
2005-09-19,-9999.99M
2005-09-20,-9999.99M
2005-09-21,-9999.99M
2005-09-22,-9999.99M
2005-09-23,-9999.99M
2005-09-24,-9999.99M
2005-09-25,-9999.99M
2005-09-26,-9999.99M
2005-09-27,-9999.99M
2005-09-28,-9999.99M
2005-09-29,-9999.99M
2005-09-30,-9999.99M
2005-09-31,-9999.99M
2005-10-01,-9999.99M
2005-10-02,-9999.99M
2005-10-03,-9999.99M
2005-10-04,-9999.99M
2005-10-05,-9999.99M
2005-10-06,-9999.99M
2005-10-07,-9999.99M
2005-10-08,-9999.99M
2005-10-09,-9999.99M
2005-10-10,-9999.99M
2005-10-11,-9999.99M
2005-10-12,-9999.99M
2005-10-13,-9999.99M
2005-10-14,-9999.99M
2005-10-15,-9999.99M
2005-10-16,-9999.99M
2005-10-17,-9999.99M
2005-10-18,-9999.99M
2005-10-19,-9999.99M
2005-10-20,-9999.99M
2005-10-21,-9999.99M
2005-10-22,-9999.99M
2005-10-23,-9999.99M
2005-10-24,-9999.99M
2005-10-25,-9999.99M
2005-10-26,-9999.99M
2005-10-27,-9999.99M
2005-10-28,-9999.99M
2005-10-29,-9999.99M
2005-10-30,-9999.99M
2005-10-31,-9999.99M
2005-11-01,-9999.99M
2005-11-02,-9999.99M
2005-11-03,-9999.99M
2005-11-04,-9999.99M
2005-11-05,-9999.99M
2005-11-06,-9999.99M
2005-11-07,-9999.99M
2005-11-08,-9999.99M
2005-11-09,-9999.99M
2005-11-10,-9999.99M
2005-11-11,-9999.99M
2005-11-12,-9999.99M
2005-11-13,-9999.99M
2005-11-14,-9999.99M
2005-11-15,-9999.99M
2005-11-16,-9999.99M
2005-11-17,-9999.99M
2005-11-18,-9999.99M
2005-11-19,-9999.99M
2005-11-20,-9999.99M
2005-11-21,-9999.99M
2005-11-22,-9999.99M
2005-11-23,-9999.99M
2005-11-24,-9999.99M
2005-11-25,-9999.99M
2005-11-26,-9999.99M
2005-11-27,-9999.99M
2005-11-28,-9999.99M
2005-11-29,-9999.99M
2005-11-30,-9999.99M
2005-11-31,-9999.99M
2005-12-01,-9999.99M
2005-12-02,-9999.99M
2005-12-03,-9999.99M
2005-12-04,-9999.99M
2005-12-05,-9999.99M
2005-12-06,-9999.99M
2005-12-07,-9999.99M
2005-12-08,-9999.99M
2005-12-09,-9999.99M
2005-12-10,-9999.99M
2005-12-11,-9999.99M
2005-12-12,-9999.99M
2005-12-13,-9999.99M
2005-12-14,-9999.99M
2005-12-15,-9999.99M
2005-12-16,-9999.99M
2005-12-17,-9999.99M
2005-12-18,-9999.99M
2005-12-19,-9999.99M
2005-12-20,-9999.99M
2005-12-21,-9999.99M
2005-12-22,-9999.99M
2005-12-23,-9999.99M
2005-12-24,-9999.99M
2005-12-25,-9999.99M
2005-12-26,-9999.99M
2005-12-27,-9999.99M
2005-12-28,-9999.99M
2005-12-29,-9999.99M
2005-12-30,-9999.99M
2005-12-31,-9999.99M
2006-01-01,-9999.99M
2006-01-02,-9999.99M
2006-01-03,-9999.99M
2006-01-04,-9999.99M
2006-01-05,-9999.99M
2006-01-06,-9999.99M
2006-01-07,-9999.99M
2006-01-08,-9999.99M
2006-01-09,-9999.99M
2006-01-10,-9999.99M
2006-01-11,-9999.99M
2006-01-12,-9999.99M
2006-01-13,-9999.99M
2006-01-14,-9999.99M
2006-01-15,-9999.99M
2006-01-16,-9999.99M
2006-01-17,-9999.99M
2006-01-18,-9999.99M
2006-01-19,-9999.99M
2006-01-20,-9999.99M
2006-01-21,-9999.99M
2006-01-22,-9999.99M
2006-01-23,-9999.99M
2006-01-24,-9999.99M
2006-01-25,-9999.99M
2006-01-26,-9999.99M
2006-01-27,-9999.99M
2006-01-28,-9999.99M
2006-01-29,-9999.99M
2006-01-30,-9999.99M
2006-01-31,-9999.99M
2006-02-01,-9999.99M
2006-02-02,-9999.99M
2006-02-03,-9999.99M
2006-02-04,-9999.99M
2006-02-05,-9999.99M
2006-02-06,-9999.99M
2006-02-07,-9999.99M
2006-02-08,-9999.99M
2006-02-09,-9999.99M
2006-02-10,-9999.99M
2006-02-11,-9999.99M
2006-02-12,-9999.99M
2006-02-13,-9999.99M
2006-02-14,-9999.99M
2006-02-15,-9999.99M
2006-02-16,-9999.99M
2006-02-17,-9999.99M
2006-02-18,-9999.99M
2006-02-19,-9999.99M
2006-02-20,-9999.99M
2006-02-21,-9999.99M
2006-02-22,-9999.99M
2006-02-23,-9999.99M
2006-02-24,-9999.99M
2006-02-25,-9999.99M
2006-02-26,-9999.99M
2006-02-27,-9999.99M
2006-02-28,-9999.99M
2006-02-29,-9999.99M
2006-02-30,-9999.99M
2006-02-31,-9999.99M
2006-03-01,-9999.99M
2006-03-02,-9999.99M
2006-03-03,-9999.99M
2006-03-04,-9999.99M
2006-03-05,-9999.99M
2006-03-06,-9999.99M
2006-03-07,-9999.99M
2006-03-08,-9999.99M
2006-03-09,-9999.99M
2006-03-10,-9999.99M
2006-03-11,-9999.99M
2006-03-12,-9999.99M
2006-03-13,-9999.99M
2006-03-14,-9999.99M
2006-03-15,-9999.99M
2006-03-16,-9999.99M
2006-03-17,-9999.99M
2006-03-18,-9999.99M
2006-03-19,-9999.99M
2006-03-20,-9999.99M
2006-03-21,-9999.99M
2006-03-22,-9999.99M
2006-03-23,-9999.99M
2006-03-24,-9999.99M
2006-03-25,-9999.99M
2006-03-26,-9999.99M
2006-03-27,-9999.99M
2006-03-28,-9999.99M
2006-03-29,-9999.99M
2006-03-30,-9999.99M
2006-03-31,-9999.99M
2006-04-01,-9999.99M
2006-04-02,-9999.99M
2006-04-03,-9999.99M
2006-04-04,-9999.99M
2006-04-05,-9999.99M
2006-04-06,-9999.99M
2006-04-07,-9999.99M
2006-04-08,-9999.99M
2006-04-09,-9999.99M
2006-04-10,-9999.99M
2006-04-11,-9999.99M
2006-04-12,-9999.99M
2006-04-13,-9999.99M
2006-04-14,-9999.99M
2006-04-15,-9999.99M
2006-04-16,-9999.99M
2006-04-17,-9999.99M
2006-04-18,-9999.99M
2006-04-19,-9999.99M
2006-04-20,-9999.99M
2006-04-21,-9999.99M
2006-04-22,-9999.99M
2006-04-23,-9999.99M
2006-04-24,-9999.99M
2006-04-25,-9999.99M
2006-04-26,-9999.99M
2006-04-27,-9999.99M
2006-04-28,-9999.99M
2006-04-29,-9999.99M
2006-04-30,-9999.99M
2006-04-31,-9999.99M
2006-05-01,-9999.99M
2006-05-02,-9999.99M
2006-05-03,-9999.99M
2006-05-04,-9999.99M
2006-05-05,-9999.99M
2006-05-06,-9999.99M
2006-05-07,-9999.99M
2006-05-08,-9999.99M
2006-05-09,-9999.99M
2006-05-10,-9999.99M
2006-05-11,-9999.99M
2006-05-12,-9999.99M
2006-05-13,-9999.99M
2006-05-14,-9999.99M
2006-05-15,-9999.99M
2006-05-16,-9999.99M
2006-05-17,-9999.99M
2006-05-18,-9999.99M
2006-05-19,-9999.99M
2006-05-20,-9999.99M
2006-05-21,-9999.99M
2006-05-22,-9999.99M
2006-05-23,-9999.99M
2006-05-24,-9999.99M
2006-05-25,-9999.99M
2006-05-26,-9999.99M
2006-05-27,-9999.99M
2006-05-28,-9999.99M
2006-05-29,-9999.99M
2006-05-30,-9999.99M
2006-05-31,-9999.99M
2006-06-01,-9999.99M
2006-06-02,-9999.99M
2006-06-03,-9999.99M
2006-06-04,-9999.99M
2006-06-05,-9999.99M
2006-06-06,-9999.99M
2006-06-07,-9999.99M
2006-06-08,-9999.99M
2006-06-09,-9999.99M
2006-06-10,-9999.99M
2006-06-11,-9999.99M
2006-06-12,-9999.99M
2006-06-13,-9999.99M
2006-06-14,-9999.99M
2006-06-15,-9999.99M
2006-06-16,-9999.99M
2006-06-17,-9999.99M
2006-06-18,-9999.99M
2006-06-19,-9999.99M
2006-06-20,-9999.99M
2006-06-21,-9999.99M
2006-06-22,-9999.99M
2006-06-23,-9999.99M
2006-06-24,-9999.99M
2006-06-25,-9999.99M
2006-06-26,-9999.99M
2006-06-27,-9999.99M
2006-06-28,-9999.99M
2006-06-29,-9999.99M
2006-06-30,-9999.99M
2006-06-31,-9999.99M
2006-07-01,-9999.99M
2006-07-02,-9999.99M
2006-07-03,-9999.99M
2006-07-04,-9999.99M
2006-07-05,-9999.99M
2006-07-06,-9999.99M
2006-07-07,-9999.99M
2006-07-08,-9999.99M
2006-07-09,-9999.99M
2006-07-10,-9999.99M
2006-07-11,-9999.99M
2006-07-12,-9999.99M
2006-07-13,-9999.99M
2006-07-14,-9999.99M
2006-07-15,-9999.99M
2006-07-16,-9999.99M
2006-07-17,-9999.99M
2006-07-18,-9999.99M
2006-07-19,-9999.99M
2006-07-20,-9999.99M
2006-07-21,-9999.99M
2006-07-22,-9999.99M
2006-07-23,-9999.99M
2006-07-24,-9999.99M
2006-07-25,-9999.99M
2006-07-26,-9999.99M
2006-07-27,-9999.99M
2006-07-28,-9999.99M
2006-07-29,-9999.99M
2006-07-30,-9999.99M
2006-07-31,-9999.99M
2006-08-01,-9999.99M
2006-08-02,-9999.99M
2006-08-03,-9999.99M
2006-08-04,-9999.99M
2006-08-05,-9999.99M
2006-08-06,-9999.99M
2006-08-07,-9999.99M
2006-08-08,-9999.99M
2006-08-09,-9999.99M
2006-08-10,-9999.99M
2006-08-11,-9999.99M
2006-08-12,-9999.99M
2006-08-13,-9999.99M
2006-08-14,-9999.99M
2006-08-15,-9999.99M
2006-08-16,-9999.99M
2006-08-17,-9999.99M
2006-08-18,-9999.99M
2006-08-19,-9999.99M
2006-08-20,-9999.99M
2006-08-21,-9999.99M
2006-08-22,-9999.99M
2006-08-23,-9999.99M
2006-08-24,-9999.99M
2006-08-25,-9999.99M
2006-08-26,-9999.99M
2006-08-27,-9999.99M
2006-08-28,-9999.99M
2006-08-29,-9999.99M
2006-08-30,-9999.99M
2006-08-31,-9999.99M
2006-09-01,-9999.99M
2006-09-02,-9999.99M
2006-09-03,-9999.99M
2006-09-04,-9999.99M
2006-09-05,-9999.99M
2006-09-06,-9999.99M
2006-09-07,-9999.99M
2006-09-08,-9999.99M
2006-09-09,-9999.99M
2006-09-10,-9999.99M
2006-09-11,-9999.99M
2006-09-12,-9999.99M
2006-09-13,-9999.99M
2006-09-14,-9999.99M
2006-09-15,-9999.99M
2006-09-16,-9999.99M
2006-09-17,-9999.99M
2006-09-18,-9999.99M
2006-09-19,-9999.99M
2006-09-20,-9999.99M
2006-09-21,-9999.99M
2006-09-22,-9999.99M
2006-09-23,-9999.99M
2006-09-24,-9999.99M
2006-09-25,-9999.99M
2006-09-26,-9999.99M
2006-09-27,-9999.99M
2006-09-28,-9999.99M
2006-09-29,-9999.99M
2006-09-30,-9999.99M
2006-09-31,-9999.99M
2006-10-01,-9999.99M
2006-10-02,-9999.99M
2006-10-03,-9999.99M
2006-10-04,-9999.99M
2006-10-05,-9999.99M
2006-10-06,-9999.99M
2006-10-07,-9999.99M
2006-10-08,-9999.99M
2006-10-09,-9999.99M
2006-10-10,-9999.99M
2006-10-11,-9999.99M
2006-10-12,-9999.99M
2006-10-13,-9999.99M
2006-10-14,-9999.99M
2006-10-15,-9999.99M
2006-10-16,-9999.99M
2006-10-17,-9999.99M
2006-10-18,-9999.99M
2006-10-19,-9999.99M
2006-10-20,-9999.99M
2006-10-21,-9999.99M
2006-10-22,-9999.99M
2006-10-23,-9999.99M
2006-10-24,-9999.99M
2006-10-25,-9999.99M
2006-10-26,-9999.99M
2006-10-27,-9999.99M
2006-10-28,-9999.99M
2006-10-29,-9999.99M
2006-10-30,-9999.99M
2006-10-31,-9999.99M
2006-11-01,-9999.99M
2006-11-02,-9999.99M
2006-11-03,-9999.99M
2006-11-04,-9999.99M
2006-11-05,-9999.99M
2006-11-06,-9999.99M
2006-11-07,-9999.99M
2006-11-08,-9999.99M
2006-11-09,-9999.99M
2006-11-10,-9999.99M
2006-11-11,-9999.99M
2006-11-12,-9999.99M
2006-11-13,-9999.99M
2006-11-14,-9999.99M
2006-11-15,-9999.99M
2006-11-16,-9999.99M
2006-11-17,-9999.99M
2006-11-18,-9999.99M
2006-11-19,-9999.99M
2006-11-20,-9999.99M
2006-11-21,-9999.99M
2006-11-22,-9999.99M
2006-11-23,-9999.99M
2006-11-24,-9999.99M
2006-11-25,-9999.99M
2006-11-26,-9999.99M
2006-11-27,-9999.99M
2006-11-28,-9999.99M
2006-11-29,-9999.99M
2006-11-30,-9999.99M
2006-11-31,-9999.99M
2006-12-01,-9999.99M
2006-12-02,-9999.99M
2006-12-03,-9999.99M
2006-12-04,-9999.99M
2006-12-05,-9999.99M
2006-12-06,-9999.99M
2006-12-07,-9999.99M
2006-12-08,-9999.99M
2006-12-09,-9999.99M
2006-12-10,-9999.99M
2006-12-11,-9999.99M
2006-12-12,-9999.99M
2006-12-13,-9999.99M
2006-12-14,-9999.99M
2006-12-15,-9999.99M
2006-12-16,-9999.99M
2006-12-17,-9999.99M
2006-12-18,-9999.99M
2006-12-19,-9999.99M
2006-12-20,-9999.99M
2006-12-21,-9999.99M
2006-12-22,-9999.99M
2006-12-23,-9999.99M
2006-12-24,-9999.99M
2006-12-25,-9999.99M
2006-12-26,-9999.99M
2006-12-27,-9999.99M
2006-12-28,-9999.99M
2006-12-29,-9999.99M
2006-12-30,-9999.99M
2006-12-31,-9999.99M
2007-01-01,-9999.99M
2007-01-02,-9999.99M
2007-01-03,-9999.99M
2007-01-04,-9999.99M
2007-01-05,-9999.99M
2007-01-06,-9999.99M
2007-01-07,-9999.99M
2007-01-08,-9999.99M
2007-01-09,-9999.99M
2007-01-10,-9999.99M
2007-01-11,-9999.99M
2007-01-12,-9999.99M
2007-01-13,-9999.99M
2007-01-14,-9999.99M
2007-01-15,-9999.99M
2007-01-16,-9999.99M
2007-01-17,-9999.99M
2007-01-18,-9999.99M
2007-01-19,-9999.99M
2007-01-20,-9999.99M
2007-01-21,-9999.99M
2007-01-22,-9999.99M
2007-01-23,-9999.99M
2007-01-24,-9999.99M
2007-01-25,-9999.99M
2007-01-26,-9999.99M
2007-01-27,-9999.99M
2007-01-28,-9999.99M
2007-01-29,-9999.99M
2007-01-30,-9999.99M
2007-01-31,-9999.99M
2007-02-01,-9999.99M
2007-02-02,-9999.99M
2007-02-03,-9999.99M
2007-02-04,-9999.99M
2007-02-05,-9999.99M
2007-02-06,-9999.99M
2007-02-07,-9999.99M
2007-02-08,-9999.99M
2007-02-09,-9999.99M
2007-02-10,-9999.99M
2007-02-11,-9999.99M
2007-02-12,-9999.99M
2007-02-13,-9999.99M
2007-02-14,-9999.99M
2007-02-15,-9999.99M
2007-02-16,-9999.99M
2007-02-17,-9999.99M
2007-02-18,-9999.99M
2007-02-19,-9999.99M
2007-02-20,-9999.99M
2007-02-21,-9999.99M
2007-02-22,-9999.99M
2007-02-23,-9999.99M
2007-02-24,-9999.99M
2007-02-25,-9999.99M
2007-02-26,-9999.99M
2007-02-27,-9999.99M
2007-02-28,-9999.99M
2007-02-29,-9999.99M
2007-02-30,-9999.99M
2007-02-31,-9999.99M
2007-03-01,-9999.99M
2007-03-02,-9999.99M
2007-03-03,-9999.99M
2007-03-04,-9999.99M
2007-03-05,-9999.99M
2007-03-06,-9999.99M
2007-03-07,-9999.99M
2007-03-08,-9999.99M
2007-03-09,-9999.99M
2007-03-10,-9999.99M
2007-03-11,-9999.99M
2007-03-12,-9999.99M
2007-03-13,-9999.99M
2007-03-14,-9999.99M
2007-03-15,-9999.99M
2007-03-16,-9999.99M
2007-03-17,-9999.99M
2007-03-18,-9999.99M
2007-03-19,-9999.99M
2007-03-20,-9999.99M
2007-03-21,-9999.99M
2007-03-22,-9999.99M
2007-03-23,-9999.99M
2007-03-24,-9999.99M
2007-03-25,-9999.99M
2007-03-26,-9999.99M
2007-03-27,-9999.99M
2007-03-28,-9999.99M
2007-03-29,-9999.99M
2007-03-30,-9999.99M
2007-03-31,-9999.99M
2007-04-01,-9999.99M
2007-04-02,-9999.99M
2007-04-03,-9999.99M
2007-04-04,-9999.99M
2007-04-05,-9999.99M
2007-04-06,-9999.99M
2007-04-07,-9999.99M
2007-04-08,-9999.99M
2007-04-09,-9999.99M
2007-04-10,-9999.99M
2007-04-11,-9999.99M
2007-04-12,-9999.99M
2007-04-13,-9999.99M
2007-04-14,-9999.99M
2007-04-15,-9999.99M
2007-04-16,-9999.99M
2007-04-17,-9999.99M
2007-04-18,-9999.99M
2007-04-19,-9999.99M
2007-04-20,-9999.99M
2007-04-21,-9999.99M
2007-04-22,-9999.99M
2007-04-23,-9999.99M
2007-04-24,-9999.99M
2007-04-25,-9999.99M
2007-04-26,-9999.99M
2007-04-27,-9999.99M
2007-04-28,-9999.99M
2007-04-29,-9999.99M
2007-04-30,-9999.99M
2007-04-31,-9999.99M
2007-05-01,-9999.99M
2007-05-02,-9999.99M
2007-05-03,-9999.99M
2007-05-04,-9999.99M
2007-05-05,-9999.99M
2007-05-06,-9999.99M
2007-05-07,-9999.99M
2007-05-08,-9999.99M
2007-05-09,-9999.99M
2007-05-10,-9999.99M
2007-05-11,-9999.99M
2007-05-12,-9999.99M
2007-05-13,-9999.99M
2007-05-14,-9999.99M
2007-05-15,-9999.99M
2007-05-16,-9999.99M
2007-05-17,-9999.99M
2007-05-18,-9999.99M
2007-05-19,-9999.99M
2007-05-20,-9999.99M
2007-05-21,-9999.99M
2007-05-22,-9999.99M
2007-05-23,-9999.99M
2007-05-24,-9999.99M
2007-05-25,-9999.99M
2007-05-26,-9999.99M
2007-05-27,-9999.99M
2007-05-28,-9999.99M
2007-05-29,-9999.99M
2007-05-30,-9999.99M
2007-05-31,-9999.99M
2007-06-01,-9999.99M
2007-06-02,-9999.99M
2007-06-03,-9999.99M
2007-06-04,-9999.99M
2007-06-05,-9999.99M
2007-06-06,-9999.99M
2007-06-07,-9999.99M
2007-06-08,-9999.99M
2007-06-09,-9999.99M
2007-06-10,-9999.99M
2007-06-11,-9999.99M
2007-06-12,-9999.99M
2007-06-13,-9999.99M
2007-06-14,-9999.99M
2007-06-15,-9999.99M
2007-06-16,-9999.99M
2007-06-17,-9999.99M
2007-06-18,-9999.99M
2007-06-19,-9999.99M
2007-06-20,-9999.99M
2007-06-21,-9999.99M
2007-06-22,-9999.99M
2007-06-23,-9999.99M
2007-06-24,-9999.99M
2007-06-25,-9999.99M
2007-06-26,-9999.99M
2007-06-27,-9999.99M
2007-06-28,-9999.99M
2007-06-29,-9999.99M
2007-06-30,-9999.99M
2007-06-31,-9999.99M
2007-07-01,-9999.99M
2007-07-02,-9999.99M
2007-07-03,-9999.99M
2007-07-04,-9999.99M
2007-07-05,-9999.99M
2007-07-06,-9999.99M
2007-07-07,-9999.99M
2007-07-08,-9999.99M
2007-07-09,-9999.99M
2007-07-10,-9999.99M
2007-07-11,-9999.99M
2007-07-12,-9999.99M
2007-07-13,-9999.99M
2007-07-14,-9999.99M
2007-07-15,-9999.99M
2007-07-16,-9999.99M
2007-07-17,-9999.99M
2007-07-18,-9999.99M
2007-07-19,-9999.99M
2007-07-20,-9999.99M
2007-07-21,-9999.99M
2007-07-22,-9999.99M
2007-07-23,-9999.99M
2007-07-24,-9999.99M
2007-07-25,-9999.99M
2007-07-26,-9999.99M
2007-07-27,-9999.99M
2007-07-28,-9999.99M
2007-07-29,-9999.99M
2007-07-30,-9999.99M
2007-07-31,-9999.99M
2007-08-01,-9999.99M
2007-08-02,-9999.99M
2007-08-03,-9999.99M
2007-08-04,-9999.99M
2007-08-05,-9999.99M
2007-08-06,-9999.99M
2007-08-07,-9999.99M
2007-08-08,-9999.99M
2007-08-09,-9999.99M
2007-08-10,-9999.99M
2007-08-11,-9999.99M
2007-08-12,-9999.99M
2007-08-13,-9999.99M
2007-08-14,-9999.99M
2007-08-15,-9999.99M
2007-08-16,-9999.99M
2007-08-17,-9999.99M
2007-08-18,-9999.99M
2007-08-19,-9999.99M
2007-08-20,-9999.99M
2007-08-21,-9999.99M
2007-08-22,-9999.99M
2007-08-23,-9999.99M
2007-08-24,-9999.99M
2007-08-25,-9999.99M
2007-08-26,-9999.99M
2007-08-27,-9999.99M
2007-08-28,-9999.99M
2007-08-29,-9999.99M
2007-08-30,-9999.99M
2007-08-31,-9999.99M
2007-09-01,-9999.99M
2007-09-02,-9999.99M
2007-09-03,-9999.99M
2007-09-04,-9999.99M
2007-09-05,-9999.99M
2007-09-06,-9999.99M
2007-09-07,-9999.99M
2007-09-08,-9999.99M
2007-09-09,-9999.99M
2007-09-10,-9999.99M
2007-09-11,-9999.99M
2007-09-12,-9999.99M
2007-09-13,-9999.99M
2007-09-14,-9999.99M
2007-09-15,-9999.99M
2007-09-16,-9999.99M
2007-09-17,-9999.99M
2007-09-18,-9999.99M
2007-09-19,-9999.99M
2007-09-20,-9999.99M
2007-09-21,-9999.99M
2007-09-22,-9999.99M
2007-09-23,-9999.99M
2007-09-24,-9999.99M
2007-09-25,-9999.99M
2007-09-26,-9999.99M
2007-09-27,-9999.99M
2007-09-28,-9999.99M
2007-09-29,-9999.99M
2007-09-30,-9999.99M
2007-09-31,-9999.99M
2007-10-01,-9999.99M
2007-10-02,-9999.99M
2007-10-03,-9999.99M
2007-10-04,-9999.99M
2007-10-05,-9999.99M
2007-10-06,-9999.99M
2007-10-07,-9999.99M
2007-10-08,-9999.99M
2007-10-09,-9999.99M
2007-10-10,-9999.99M
2007-10-11,-9999.99M
2007-10-12,-9999.99M
2007-10-13,-9999.99M
2007-10-14,-9999.99M
2007-10-15,-9999.99M
2007-10-16,-9999.99M
2007-10-17,-9999.99M
2007-10-18,-9999.99M
2007-10-19,-9999.99M
2007-10-20,-9999.99M
2007-10-21,-9999.99M
2007-10-22,-9999.99M
2007-10-23,-9999.99M
2007-10-24,-9999.99M
2007-10-25,-9999.99M
2007-10-26,-9999.99M
2007-10-27,-9999.99M
2007-10-28,-9999.99M
2007-10-29,-9999.99M
2007-10-30,-9999.99M
2007-10-31,-9999.99M
2007-11-01,-9999.99M
2007-11-02,-9999.99M
2007-11-03,-9999.99M
2007-11-04,-9999.99M
2007-11-05,-9999.99M
2007-11-06,-9999.99M
2007-11-07,-9999.99M
2007-11-08,-9999.99M
2007-11-09,-9999.99M
2007-11-10,-9999.99M
2007-11-11,-9999.99M
2007-11-12,-9999.99M
2007-11-13,-9999.99M
2007-11-14,-9999.99M
2007-11-15,-9999.99M
2007-11-16,-9999.99M
2007-11-17,-9999.99M
2007-11-18,-9999.99M
2007-11-19,-9999.99M
2007-11-20,-9999.99M
2007-11-21,-9999.99M
2007-11-22,-9999.99M
2007-11-23,-9999.99M
2007-11-24,-9999.99M
2007-11-25,-9999.99M
2007-11-26,-9999.99M
2007-11-27,-9999.99M
2007-11-28,-9999.99M
2007-11-29,-9999.99M
2007-11-30,-9999.99M
2007-11-31,-9999.99M
2007-12-01,-9999.99M
2007-12-02,-9999.99M
2007-12-03,-9999.99M
2007-12-04,-9999.99M
2007-12-05,-9999.99M
2007-12-06,-9999.99M
2007-12-07,-9999.99M
2007-12-08,-9999.99M
2007-12-09,-9999.99M
2007-12-10,-9999.99M
2007-12-11,-9999.99M
2007-12-12,-9999.99M
2007-12-13,-9999.99M
2007-12-14,-9999.99M
2007-12-15,-9999.99M
2007-12-16,-9999.99M
2007-12-17,-9999.99M
2007-12-18,-9999.99M
2007-12-19,-9999.99M
2007-12-20,-9999.99M
2007-12-21,-9999.99M
2007-12-22,-9999.99M
2007-12-23,-9999.99M
2007-12-24,-9999.99M
2007-12-25,-9999.99M
2007-12-26,-9999.99M
2007-12-27,-9999.99M
2007-12-28,-9999.99M
2007-12-29,-9999.99M
2007-12-30,-9999.99M
2007-12-31,-9999.99M
2008-01-01,-9999.99M
2008-01-02,-9999.99M
2008-01-03,-9999.99M
2008-01-04,-9999.99M
2008-01-05,-9999.99M
2008-01-06,-9999.99M
2008-01-07,-9999.99M
2008-01-08,-9999.99M
2008-01-09,-9999.99M
2008-01-10,-9999.99M
2008-01-11,-9999.99M
2008-01-12,-9999.99M
2008-01-13,-9999.99M
2008-01-14,-9999.99M
2008-01-15,-9999.99M
2008-01-16,-9999.99M
2008-01-17,-9999.99M
2008-01-18,-9999.99M
2008-01-19,-9999.99M
2008-01-20,-9999.99M
2008-01-21,-9999.99M
2008-01-22,-9999.99M
2008-01-23,-9999.99M
2008-01-24,-9999.99M
2008-01-25,-9999.99M
2008-01-26,-9999.99M
2008-01-27,-9999.99M
2008-01-28,-9999.99M
2008-01-29,-9999.99M
2008-01-30,-9999.99M
2008-01-31,-9999.99M
2008-02-01,-9999.99M
2008-02-02,-9999.99M
2008-02-03,-9999.99M
2008-02-04,-9999.99M
2008-02-05,-9999.99M
2008-02-06,-9999.99M
2008-02-07,-9999.99M
2008-02-08,-9999.99M
2008-02-09,-9999.99M
2008-02-10,-9999.99M
2008-02-11,-9999.99M
2008-02-12,-9999.99M
2008-02-13,-9999.99M
2008-02-14,-9999.99M
2008-02-15,-9999.99M
2008-02-16,-9999.99M
2008-02-17,-9999.99M
2008-02-18,-9999.99M
2008-02-19,-9999.99M
2008-02-20,-9999.99M
2008-02-21,-9999.99M
2008-02-22,-9999.99M
2008-02-23,-9999.99M
2008-02-24,-9999.99M
2008-02-25,-9999.99M
2008-02-26,-9999.99M
2008-02-27,-9999.99M
2008-02-28,-9999.99M
2008-02-29,-9999.99M
2008-02-30,-9999.99M
2008-02-31,-9999.99M
2008-03-01,-9999.99M
2008-03-02,-9999.99M
2008-03-03,-9999.99M
2008-03-04,-9999.99M
2008-03-05,-9999.99M
2008-03-06,-9999.99M
2008-03-07,-9999.99M
2008-03-08,-9999.99M
2008-03-09,-9999.99M
2008-03-10,-9999.99M
2008-03-11,-9999.99M
2008-03-12,-9999.99M
2008-03-13,-9999.99M
2008-03-14,-9999.99M
2008-03-15,-9999.99M
2008-03-16,-9999.99M
2008-03-17,-9999.99M
2008-03-18,-9999.99M
2008-03-19,-9999.99M
2008-03-20,-9999.99M
2008-03-21,-9999.99M
2008-03-22,-9999.99M
2008-03-23,-9999.99M
2008-03-24,-9999.99M
2008-03-25,-9999.99M
2008-03-26,-9999.99M
2008-03-27,-9999.99M
2008-03-28,-9999.99M
2008-03-29,-9999.99M
2008-03-30,-9999.99M
2008-03-31,-9999.99M
2008-04-01,-9999.99M
2008-04-02,-9999.99M
2008-04-03,-9999.99M
2008-04-04,-9999.99M
2008-04-05,-9999.99M
2008-04-06,-9999.99M
2008-04-07,-9999.99M
2008-04-08,-9999.99M
2008-04-09,-9999.99M
2008-04-10,-9999.99M
2008-04-11,-9999.99M
2008-04-12,-9999.99M
2008-04-13,-9999.99M
2008-04-14,-9999.99M
2008-04-15,-9999.99M
2008-04-16,-9999.99M
2008-04-17,-9999.99M
2008-04-18,-9999.99M
2008-04-19,-9999.99M
2008-04-20,-9999.99M
2008-04-21,-9999.99M
2008-04-22,-9999.99M
2008-04-23,-9999.99M
2008-04-24,-9999.99M
2008-04-25,-9999.99M
2008-04-26,-9999.99M
2008-04-27,-9999.99M
2008-04-28,-9999.99M
2008-04-29,-9999.99M
2008-04-30,-9999.99M
2008-04-31,-9999.99M
2008-05-01,-9999.99M
2008-05-02,-9999.99M
2008-05-03,-9999.99M
2008-05-04,-9999.99M
2008-05-05,-9999.99M
2008-05-06,-9999.99M
2008-05-07,-9999.99M
2008-05-08,-9999.99M
2008-05-09,-9999.99M
2008-05-10,-9999.99M
2008-05-11,-9999.99M
2008-05-12,-9999.99M
2008-05-13,-9999.99M
2008-05-14,-9999.99M
2008-05-15,-9999.99M
2008-05-16,-9999.99M
2008-05-17,-9999.99M
2008-05-18,-9999.99M
2008-05-19,-9999.99M
2008-05-20,-9999.99M
2008-05-21,-9999.99M
2008-05-22,-9999.99M
2008-05-23,-9999.99M
2008-05-24,-9999.99M
2008-05-25,-9999.99M
2008-05-26,-9999.99M
2008-05-27,-9999.99M
2008-05-28,-9999.99M
2008-05-29,-9999.99M
2008-05-30,-9999.99M
2008-05-31,-9999.99M
2008-06-01,-9999.99M
2008-06-02,-9999.99M
2008-06-03,-9999.99M
2008-06-04,-9999.99M
2008-06-05,-9999.99M
2008-06-06,-9999.99M
2008-06-07,-9999.99M
2008-06-08,-9999.99M
2008-06-09,-9999.99M
2008-06-10,-9999.99M
2008-06-11,-9999.99M
2008-06-12,-9999.99M
2008-06-13,-9999.99M
2008-06-14,-9999.99M
2008-06-15,-9999.99M
2008-06-16,-9999.99M
2008-06-17,-9999.99M
2008-06-18,-9999.99M
2008-06-19,-9999.99M
2008-06-20,-9999.99M
2008-06-21,-9999.99M
2008-06-22,-9999.99M
2008-06-23,-9999.99M
2008-06-24,-9999.99M
2008-06-25,-9999.99M
2008-06-26,-9999.99M
2008-06-27,-9999.99M
2008-06-28,-9999.99M
2008-06-29,-9999.99M
2008-06-30,-9999.99M
2008-06-31,-9999.99M
2008-07-01,-9999.99M
2008-07-02,-9999.99M
2008-07-03,-9999.99M
2008-07-04,-9999.99M
2008-07-05,-9999.99M
2008-07-06,-9999.99M
2008-07-07,-9999.99M
2008-07-08,-9999.99M
2008-07-09,-9999.99M
2008-07-10,-9999.99M
2008-07-11,-9999.99M
2008-07-12,-9999.99M
2008-07-13,-9999.99M
2008-07-14,-9999.99M
2008-07-15,-9999.99M
2008-07-16,-9999.99M
2008-07-17,-9999.99M
2008-07-18,-9999.99M
2008-07-19,-9999.99M
2008-07-20,-9999.99M
2008-07-21,-9999.99M
2008-07-22,-9999.99M
2008-07-23,-9999.99M
2008-07-24,-9999.99M
2008-07-25,-9999.99M
2008-07-26,-9999.99M
2008-07-27,-9999.99M
2008-07-28,-9999.99M
2008-07-29,-9999.99M
2008-07-30,-9999.99M
2008-07-31,-9999.99M
2008-08-01,-9999.99M
2008-08-02,-9999.99M
2008-08-03,-9999.99M
2008-08-04,-9999.99M
2008-08-05,-9999.99M
2008-08-06,-9999.99M
2008-08-07,-9999.99M
2008-08-08,-9999.99M
2008-08-09,-9999.99M
2008-08-10,-9999.99M
2008-08-11,-9999.99M
2008-08-12,-9999.99M
2008-08-13,-9999.99M
2008-08-14,-9999.99M
2008-08-15,-9999.99M
2008-08-16,-9999.99M
2008-08-17,-9999.99M
2008-08-18,-9999.99M
2008-08-19,-9999.99M
2008-08-20,-9999.99M
2008-08-21,-9999.99M
2008-08-22,-9999.99M
2008-08-23,-9999.99M
2008-08-24,-9999.99M
2008-08-25,-9999.99M
2008-08-26,-9999.99M
2008-08-27,-9999.99M
2008-08-28,-9999.99M
2008-08-29,-9999.99M
2008-08-30,-9999.99M
2008-08-31,-9999.99M
2008-09-01,-9999.99M
2008-09-02,-9999.99M
2008-09-03,-9999.99M
2008-09-04,-9999.99M
2008-09-05,-9999.99M
2008-09-06,-9999.99M
2008-09-07,-9999.99M
2008-09-08,-9999.99M
2008-09-09,-9999.99M
2008-09-10,-9999.99M
2008-09-11,-9999.99M
2008-09-12,-9999.99M
2008-09-13,-9999.99M
2008-09-14,-9999.99M
2008-09-15,-9999.99M
2008-09-16,-9999.99M
2008-09-17,-9999.99M
2008-09-18,-9999.99M
2008-09-19,-9999.99M
2008-09-20,-9999.99M
2008-09-21,-9999.99M
2008-09-22,-9999.99M
2008-09-23,-9999.99M
2008-09-24,-9999.99M
2008-09-25,-9999.99M
2008-09-26,-9999.99M
2008-09-27,-9999.99M
2008-09-28,-9999.99M
2008-09-29,-9999.99M
2008-09-30,-9999.99M
2008-09-31,-9999.99M
2008-10-01,-9999.99M
2008-10-02,-9999.99M
2008-10-03,-9999.99M
2008-10-04,-9999.99M
2008-10-05,-9999.99M
2008-10-06,-9999.99M
2008-10-07,-9999.99M
2008-10-08,-9999.99M
2008-10-09,-9999.99M
2008-10-10,-9999.99M
2008-10-11,-9999.99M
2008-10-12,-9999.99M
2008-10-13,-9999.99M
2008-10-14,-9999.99M
2008-10-15,-9999.99M
2008-10-16,-9999.99M
2008-10-17,-9999.99M
2008-10-18,-9999.99M
2008-10-19,-9999.99M
2008-10-20,-9999.99M
2008-10-21,-9999.99M
2008-10-22,-9999.99M
2008-10-23,-9999.99M
2008-10-24,-9999.99M
2008-10-25,-9999.99M
2008-10-26,-9999.99M
2008-10-27,-9999.99M
2008-10-28,-9999.99M
2008-10-29,-9999.99M
2008-10-30,-9999.99M
2008-10-31,-9999.99M
2008-11-01,-9999.99M
2008-11-02,-9999.99M
2008-11-03,-9999.99M
2008-11-04,-9999.99M
2008-11-05,-9999.99M
2008-11-06,-9999.99M
2008-11-07,-9999.99M
2008-11-08,-9999.99M
2008-11-09,-9999.99M
2008-11-10,-9999.99M
2008-11-11,-9999.99M
2008-11-12,-9999.99M
2008-11-13,-9999.99M
2008-11-14,-9999.99M
2008-11-15,-9999.99M
2008-11-16,-9999.99M
2008-11-17,-9999.99M
2008-11-18,-9999.99M
2008-11-19,-9999.99M
2008-11-20,-9999.99M
2008-11-21,-9999.99M
2008-11-22,-9999.99M
2008-11-23,-9999.99M
2008-11-24,-9999.99M
2008-11-25,-9999.99M
2008-11-26,-9999.99M
2008-11-27,-9999.99M
2008-11-28,-9999.99M
2008-11-29,-9999.99M
2008-11-30,-9999.99M
2008-11-31,-9999.99M
2008-12-01,-9999.99M
2008-12-02,-9999.99M
2008-12-03,-9999.99M
2008-12-04,-9999.99M
2008-12-05,-9999.99M
2008-12-06,-9999.99M
2008-12-07,-9999.99M
2008-12-08,-9999.99M
2008-12-09,-9999.99M
2008-12-10,-9999.99M
2008-12-11,-9999.99M
2008-12-12,-9999.99M
2008-12-13,-9999.99M
2008-12-14,-9999.99M
2008-12-15,-9999.99M
2008-12-16,-9999.99M
2008-12-17,-9999.99M
2008-12-18,-9999.99M
2008-12-19,-9999.99M
2008-12-20,-9999.99M
2008-12-21,-9999.99M
2008-12-22,-9999.99M
2008-12-23,-9999.99M
2008-12-24,-9999.99M
2008-12-25,-9999.99M
2008-12-26,-9999.99M
2008-12-27,-9999.99M
2008-12-28,-9999.99M
2008-12-29,-9999.99M
2008-12-30,-9999.99M
2008-12-31,-9999.99M
2009-01-01,-9999.99M
2009-01-02,-9999.99M
2009-01-03,-9999.99M
2009-01-04,-9999.99M
2009-01-05,-9999.99M
2009-01-06,-9999.99M
2009-01-07,-9999.99M
2009-01-08,-9999.99M
2009-01-09,-9999.99M
2009-01-10,-9999.99M
2009-01-11,-9999.99M
2009-01-12,-9999.99M
2009-01-13,-9999.99M
2009-01-14,-9999.99M
2009-01-15,-9999.99M
2009-01-16,-9999.99M
2009-01-17,-9999.99M
2009-01-18,-9999.99M
2009-01-19,-9999.99M
2009-01-20,-9999.99M
2009-01-21,-9999.99M
2009-01-22,-9999.99M
2009-01-23,-9999.99M
2009-01-24,-9999.99M
2009-01-25,-9999.99M
2009-01-26,-9999.99M
2009-01-27,-9999.99M
2009-01-28,-9999.99M
2009-01-29,-9999.99M
2009-01-30,-9999.99M
2009-01-31,-9999.99M
2009-02-01,-9999.99M
2009-02-02,-9999.99M
2009-02-03,-9999.99M
2009-02-04,-9999.99M
2009-02-05,-9999.99M
2009-02-06,-9999.99M
2009-02-07,-9999.99M
2009-02-08,-9999.99M
2009-02-09,-9999.99M
2009-02-10,-9999.99M
2009-02-11,-9999.99M
2009-02-12,-9999.99M
2009-02-13,-9999.99M
2009-02-14,-9999.99M
2009-02-15,-9999.99M
2009-02-16,-9999.99M
2009-02-17,-9999.99M
2009-02-18,-9999.99M
2009-02-19,-9999.99M
2009-02-20,-9999.99M
2009-02-21,-9999.99M
2009-02-22,-9999.99M
2009-02-23,-9999.99M
2009-02-24,-9999.99M
2009-02-25,-9999.99M
2009-02-26,-9999.99M
2009-02-27,-9999.99M
2009-02-28,-9999.99M
2009-02-29,-9999.99M
2009-02-30,-9999.99M
2009-02-31,-9999.99M
2009-03-01,-9999.99M
2009-03-02,-9999.99M
2009-03-03,-9999.99M
2009-03-04,-9999.99M
2009-03-05,-9999.99M
2009-03-06,-9999.99M
2009-03-07,-9999.99M
2009-03-08,-9999.99M
2009-03-09,-9999.99M
2009-03-10,-9999.99M
2009-03-11,-9999.99M
2009-03-12,-9999.99M
2009-03-13,-9999.99M
2009-03-14,-9999.99M
2009-03-15,-9999.99M
2009-03-16,-9999.99M
2009-03-17,-9999.99M
2009-03-18,-9999.99M
2009-03-19,-9999.99M
2009-03-20,-9999.99M
2009-03-21,-9999.99M
2009-03-22,-9999.99M
2009-03-23,-9999.99M
2009-03-24,-9999.99M
2009-03-25,-9999.99M
2009-03-26,-9999.99M
2009-03-27,-9999.99M
2009-03-28,-9999.99M
2009-03-29,-9999.99M
2009-03-30,-9999.99M
2009-03-31,-9999.99M
2009-04-01,-9999.99M
2009-04-02,-9999.99M
2009-04-03,-9999.99M
2009-04-04,-9999.99M
2009-04-05,-9999.99M
2009-04-06,-9999.99M
2009-04-07,-9999.99M
2009-04-08,-9999.99M
2009-04-09,-9999.99M
2009-04-10,-9999.99M
2009-04-11,-9999.99M
2009-04-12,-9999.99M
2009-04-13,-9999.99M
2009-04-14,-9999.99M
2009-04-15,-9999.99M
2009-04-16,-9999.99M
2009-04-17,-9999.99M
2009-04-18,-9999.99M
2009-04-19,-9999.99M
2009-04-20,-9999.99M
2009-04-21,-9999.99M
2009-04-22,-9999.99M
2009-04-23,-9999.99M
2009-04-24,-9999.99M
2009-04-25,-9999.99M
2009-04-26,-9999.99M
2009-04-27,-9999.99M
2009-04-28,-9999.99M
2009-04-29,-9999.99M
2009-04-30,-9999.99M
2009-04-31,-9999.99M
2009-05-01,-9999.99M
2009-05-02,-9999.99M
2009-05-03,-9999.99M
2009-05-04,-9999.99M
2009-05-05,-9999.99M
2009-05-06,-9999.99M
2009-05-07,-9999.99M
2009-05-08,-9999.99M
2009-05-09,-9999.99M
2009-05-10,-9999.99M
2009-05-11,-9999.99M
2009-05-12,-9999.99M
2009-05-13,-9999.99M
2009-05-14,-9999.99M
2009-05-15,-9999.99M
2009-05-16,-9999.99M
2009-05-17,-9999.99M
2009-05-18,-9999.99M
2009-05-19,-9999.99M
2009-05-20,-9999.99M
2009-05-21,-9999.99M
2009-05-22,-9999.99M
2009-05-23,-9999.99M
2009-05-24,-9999.99M
2009-05-25,-9999.99M
2009-05-26,-9999.99M
2009-05-27,-9999.99M
2009-05-28,-9999.99M
2009-05-29,-9999.99M
2009-05-30,-9999.99M
2009-05-31,-9999.99M
2009-06-01,-9999.99M
2009-06-02,-9999.99M
2009-06-03,-9999.99M
2009-06-04,-9999.99M
2009-06-05,-9999.99M
2009-06-06,-9999.99M
2009-06-07,-9999.99M
2009-06-08,-9999.99M
2009-06-09,-9999.99M
2009-06-10,-9999.99M
2009-06-11,-9999.99M
2009-06-12,-9999.99M
2009-06-13,-9999.99M
2009-06-14,-9999.99M
2009-06-15,-9999.99M
2009-06-16,-9999.99M
2009-06-17,-9999.99M
2009-06-18,-9999.99M
2009-06-19,-9999.99M
2009-06-20,-9999.99M
2009-06-21,-9999.99M
2009-06-22,-9999.99M
2009-06-23,-9999.99M
2009-06-24,-9999.99M
2009-06-25,-9999.99M
2009-06-26,-9999.99M
2009-06-27,-9999.99M
2009-06-28,-9999.99M
2009-06-29,-9999.99M
2009-06-30,-9999.99M
2009-06-31,-9999.99M
2009-07-01,-9999.99M
2009-07-02,-9999.99M
2009-07-03,-9999.99M
2009-07-04,-9999.99M
2009-07-05,-9999.99M
2009-07-06,-9999.99M
2009-07-07,-9999.99M
2009-07-08,-9999.99M
2009-07-09,-9999.99M
2009-07-10,-9999.99M
2009-07-11,-9999.99M
2009-07-12,-9999.99M
2009-07-13,-9999.99M
2009-07-14,-9999.99M
2009-07-15,-9999.99M
2009-07-16,-9999.99M
2009-07-17,-9999.99M
2009-07-18,-9999.99M
2009-07-19,-9999.99M
2009-07-20,-9999.99M
2009-07-21,-9999.99M
2009-07-22,-9999.99M
2009-07-23,-9999.99M
2009-07-24,-9999.99M
2009-07-25,-9999.99M
2009-07-26,-9999.99M
2009-07-27,-9999.99M
2009-07-28,-9999.99M
2009-07-29,-9999.99M
2009-07-30,-9999.99M
2009-07-31,-9999.99M
2009-08-01,-9999.99M
2009-08-02,-9999.99M
2009-08-03,-9999.99M
2009-08-04,-9999.99M
2009-08-05,-9999.99M
2009-08-06,-9999.99M
2009-08-07,-9999.99M
2009-08-08,-9999.99M
2009-08-09,-9999.99M
2009-08-10,-9999.99M
2009-08-11,-9999.99M
2009-08-12,-9999.99M
2009-08-13,-9999.99M
2009-08-14,-9999.99M
2009-08-15,-9999.99M
2009-08-16,-9999.99M
2009-08-17,-9999.99M
2009-08-18,-9999.99M
2009-08-19,-9999.99M
2009-08-20,-9999.99M
2009-08-21,-9999.99M
2009-08-22,-9999.99M
2009-08-23,-9999.99M
2009-08-24,-9999.99M
2009-08-25,-9999.99M
2009-08-26,-9999.99M
2009-08-27,-9999.99M
2009-08-28,-9999.99M
2009-08-29,-9999.99M
2009-08-30,-9999.99M
2009-08-31,-9999.99M
2009-09-01,-9999.99M
2009-09-02,-9999.99M
2009-09-03,-9999.99M
2009-09-04,-9999.99M
2009-09-05,-9999.99M
2009-09-06,-9999.99M
2009-09-07,-9999.99M
2009-09-08,-9999.99M
2009-09-09,-9999.99M
2009-09-10,-9999.99M
2009-09-11,-9999.99M
2009-09-12,-9999.99M
2009-09-13,-9999.99M
2009-09-14,-9999.99M
2009-09-15,-9999.99M
2009-09-16,-9999.99M
2009-09-17,-9999.99M
2009-09-18,-9999.99M
2009-09-19,-9999.99M
2009-09-20,-9999.99M
2009-09-21,-9999.99M
2009-09-22,-9999.99M
2009-09-23,-9999.99M
2009-09-24,-9999.99M
2009-09-25,-9999.99M
2009-09-26,-9999.99M
2009-09-27,-9999.99M
2009-09-28,-9999.99M
2009-09-29,-9999.99M
2009-09-30,-9999.99M
2009-09-31,-9999.99M
2009-10-01,-9999.99M
2009-10-02,-9999.99M
2009-10-03,-9999.99M
2009-10-04,-9999.99M
2009-10-05,-9999.99M
2009-10-06,-9999.99M
2009-10-07,-9999.99M
2009-10-08,-9999.99M
2009-10-09,-9999.99M
2009-10-10,-9999.99M
2009-10-11,-9999.99M
2009-10-12,-9999.99M
2009-10-13,-9999.99M
2009-10-14,-9999.99M
2009-10-15,-9999.99M
2009-10-16,-9999.99M
2009-10-17,-9999.99M
2009-10-18,-9999.99M
2009-10-19,-9999.99M
2009-10-20,-9999.99M
2009-10-21,-9999.99M
2009-10-22,-9999.99M
2009-10-23,-9999.99M
2009-10-24,-9999.99M
2009-10-25,-9999.99M
2009-10-26,-9999.99M
2009-10-27,-9999.99M
2009-10-28,-9999.99M
2009-10-29,-9999.99M
2009-10-30,-9999.99M
2009-10-31,-9999.99M
2009-11-01,-9999.99M
2009-11-02,-9999.99M
2009-11-03,-9999.99M
2009-11-04,-9999.99M
2009-11-05,-9999.99M
2009-11-06,-9999.99M
2009-11-07,-9999.99M
2009-11-08,-9999.99M
2009-11-09,-9999.99M
2009-11-10,-9999.99M
2009-11-11,-9999.99M
2009-11-12,-9999.99M
2009-11-13,-9999.99M
2009-11-14,-9999.99M
2009-11-15,-9999.99M
2009-11-16,-9999.99M
2009-11-17,-9999.99M
2009-11-18,-9999.99M
2009-11-19,-9999.99M
2009-11-20,-9999.99M
2009-11-21,-9999.99M
2009-11-22,-9999.99M
2009-11-23,-9999.99M
2009-11-24,-9999.99M
2009-11-25,-9999.99M
2009-11-26,-9999.99M
2009-11-27,-9999.99M
2009-11-28,-9999.99M
2009-11-29,-9999.99M
2009-11-30,-9999.99M
2009-11-31,-9999.99M
2009-12-01,-9999.99M
2009-12-02,-9999.99M
2009-12-03,-9999.99M
2009-12-04,-9999.99M
2009-12-05,-9999.99M
2009-12-06,-9999.99M
2009-12-07,-9999.99M
2009-12-08,-9999.99M
2009-12-09,-9999.99M
2009-12-10,-9999.99M
2009-12-11,-9999.99M
2009-12-12,-9999.99M
2009-12-13,-9999.99M
2009-12-14,-9999.99M
2009-12-15,-9999.99M
2009-12-16,-9999.99M
2009-12-17,-9999.99M
2009-12-18,-9999.99M
2009-12-19,-9999.99M
2009-12-20,-9999.99M
2009-12-21,-9999.99M
2009-12-22,-9999.99M
2009-12-23,-9999.99M
2009-12-24,-9999.99M
2009-12-25,-9999.99M
2009-12-26,-9999.99M
2009-12-27,-9999.99M
2009-12-28,-9999.99M
2009-12-29,-9999.99M
2009-12-30,-9999.99M
2009-12-31,-9999.99M
2010-01-01,-9999.99M
2010-01-02,-9999.99M
2010-01-03,-9999.99M
2010-01-04,-9999.99M
2010-01-05,-9999.99M
2010-01-06,-9999.99M
2010-01-07,-9999.99M
2010-01-08,-9999.99M
2010-01-09,-9999.99M
2010-01-10,-9999.99M
2010-01-11,-9999.99M
2010-01-12,-9999.99M
2010-01-13,-9999.99M
2010-01-14,-9999.99M
2010-01-15,-9999.99M
2010-01-16,-9999.99M
2010-01-17,-9999.99M
2010-01-18,-9999.99M
2010-01-19,-9999.99M
2010-01-20,-9999.99M
2010-01-21,-9999.99M
2010-01-22,-9999.99M
2010-01-23,-9999.99M
2010-01-24,-9999.99M
2010-01-25,-9999.99M
2010-01-26,-9999.99M
2010-01-27,-9999.99M
2010-01-28,-9999.99M
2010-01-29,-9999.99M
2010-01-30,-9999.99M
2010-01-31,-9999.99M
2010-02-01,-9999.99M
2010-02-02,-9999.99M
2010-02-03,-9999.99M
2010-02-04,-9999.99M
2010-02-05,-9999.99M
2010-02-06,-9999.99M
2010-02-07,-9999.99M
2010-02-08,-9999.99M
2010-02-09,-9999.99M
2010-02-10,-9999.99M
2010-02-11,-9999.99M
2010-02-12,-9999.99M
2010-02-13,-9999.99M
2010-02-14,-9999.99M
2010-02-15,-9999.99M
2010-02-16,-9999.99M
2010-02-17,-9999.99M
2010-02-18,-9999.99M
2010-02-19,-9999.99M
2010-02-20,-9999.99M
2010-02-21,-9999.99M
2010-02-22,-9999.99M
2010-02-23,-9999.99M
2010-02-24,-9999.99M
2010-02-25,-9999.99M
2010-02-26,-9999.99M
2010-02-27,-9999.99M
2010-02-28,-9999.99M
2010-02-29,-9999.99M
2010-02-30,-9999.99M
2010-02-31,-9999.99M
2010-03-01,-9999.99M
2010-03-02,-9999.99M
2010-03-03,-9999.99M
2010-03-04,-9999.99M
2010-03-05,-9999.99M
2010-03-06,-9999.99M
2010-03-07,-9999.99M
2010-03-08,-9999.99M
2010-03-09,-9999.99M
2010-03-10,-9999.99M
2010-03-11,-9999.99M
2010-03-12,-9999.99M
2010-03-13,-9999.99M
2010-03-14,-9999.99M
2010-03-15,-9999.99M
2010-03-16,-9999.99M
2010-03-17,-9999.99M
2010-03-18,-9999.99M
2010-03-19,-9999.99M
2010-03-20,-9999.99M
2010-03-21,-9999.99M
2010-03-22,-9999.99M
2010-03-23,-9999.99M
2010-03-24,-9999.99M
2010-03-25,-9999.99M
2010-03-26,-9999.99M
2010-03-27,-9999.99M
2010-03-28,-9999.99M
2010-03-29,-9999.99M
2010-03-30,-9999.99M
2010-03-31,-9999.99M
2010-04-01,-9999.99M
2010-04-02,-9999.99M
2010-04-03,-9999.99M
2010-04-04,-9999.99M
2010-04-05,-9999.99M
2010-04-06,-9999.99M
2010-04-07,-9999.99M
2010-04-08,-9999.99M
2010-04-09,-9999.99M
2010-04-10,-9999.99M
2010-04-11,-9999.99M
2010-04-12,-9999.99M
2010-04-13,-9999.99M
2010-04-14,-9999.99M
2010-04-15,-9999.99M
2010-04-16,-9999.99M
2010-04-17,-9999.99M
2010-04-18,-9999.99M
2010-04-19,-9999.99M
2010-04-20,-9999.99M
2010-04-21,-9999.99M
2010-04-22,-9999.99M
2010-04-23,-9999.99M
2010-04-24,-9999.99M
2010-04-25,-9999.99M
2010-04-26,-9999.99M
2010-04-27,-9999.99M
2010-04-28,-9999.99M
2010-04-29,-9999.99M
2010-04-30,-9999.99M
2010-04-31,-9999.99M
2010-05-01,-9999.99M
2010-05-02,-9999.99M
2010-05-03,-9999.99M
2010-05-04,-9999.99M
2010-05-05,-9999.99M
2010-05-06,-9999.99M
2010-05-07,-9999.99M
2010-05-08,-9999.99M
2010-05-09,-9999.99M
2010-05-10,-9999.99M
2010-05-11,-9999.99M
2010-05-12,-9999.99M
2010-05-13,-9999.99M
2010-05-14,-9999.99M
2010-05-15,-9999.99M
2010-05-16,-9999.99M
2010-05-17,-9999.99M
2010-05-18,-9999.99M
2010-05-19,-9999.99M
2010-05-20,-9999.99M
2010-05-21,-9999.99M
2010-05-22,-9999.99M
2010-05-23,-9999.99M
2010-05-24,-9999.99M
2010-05-25,-9999.99M
2010-05-26,-9999.99M
2010-05-27,-9999.99M
2010-05-28,-9999.99M
2010-05-29,-9999.99M
2010-05-30,-9999.99M
2010-05-31,-9999.99M
2010-06-01,-9999.99M
2010-06-02,-9999.99M
2010-06-03,-9999.99M
2010-06-04,-9999.99M
2010-06-05,-9999.99M
2010-06-06,-9999.99M
2010-06-07,-9999.99M
2010-06-08,-9999.99M
2010-06-09,-9999.99M
2010-06-10,-9999.99M
2010-06-11,-9999.99M
2010-06-12,-9999.99M
2010-06-13,-9999.99M
2010-06-14,-9999.99M
2010-06-15,-9999.99M
2010-06-16,-9999.99M
2010-06-17,-9999.99M
2010-06-18,-9999.99M
2010-06-19,-9999.99M
2010-06-20,-9999.99M
2010-06-21,-9999.99M
2010-06-22,-9999.99M
2010-06-23,-9999.99M
2010-06-24,-9999.99M
2010-06-25,-9999.99M
2010-06-26,-9999.99M
2010-06-27,-9999.99M
2010-06-28,-9999.99M
2010-06-29,-9999.99M
2010-06-30,-9999.99M
2010-06-31,-9999.99M
2010-07-01,-9999.99M
2010-07-02,-9999.99M
2010-07-03,-9999.99M
2010-07-04,-9999.99M
2010-07-05,-9999.99M
2010-07-06,-9999.99M
2010-07-07,-9999.99M
2010-07-08,-9999.99M
2010-07-09,-9999.99M
2010-07-10,-9999.99M
2010-07-11,-9999.99M
2010-07-12,-9999.99M
2010-07-13,-9999.99M
2010-07-14,-9999.99M
2010-07-15,-9999.99M
2010-07-16,-9999.99M
2010-07-17,-9999.99M
2010-07-18,-9999.99M
2010-07-19,-9999.99M
2010-07-20,-9999.99M
2010-07-21,-9999.99M
2010-07-22,-9999.99M
2010-07-23,-9999.99M
2010-07-24,-9999.99M
2010-07-25,-9999.99M
2010-07-26,-9999.99M
2010-07-27,-9999.99M
2010-07-28,-9999.99M
2010-07-29,-9999.99M
2010-07-30,-9999.99M
2010-07-31,-9999.99M
2010-08-01,-9999.99M
2010-08-02,-9999.99M
2010-08-03,-9999.99M
2010-08-04,-9999.99M
2010-08-05,-9999.99M
2010-08-06,-9999.99M
2010-08-07,-9999.99M
2010-08-08,-9999.99M
2010-08-09,-9999.99M
2010-08-10,-9999.99M
2010-08-11,-9999.99M
2010-08-12,-9999.99M
2010-08-13,-9999.99M
2010-08-14,-9999.99M
2010-08-15,-9999.99M
2010-08-16,-9999.99M
2010-08-17,-9999.99M
2010-08-18,-9999.99M
2010-08-19,-9999.99M
2010-08-20,-9999.99M
2010-08-21,-9999.99M
2010-08-22,-9999.99M
2010-08-23,-9999.99M
2010-08-24,-9999.99M
2010-08-25,-9999.99M
2010-08-26,-9999.99M
2010-08-27,-9999.99M
2010-08-28,-9999.99M
2010-08-29,-9999.99M
2010-08-30,-9999.99M
2010-08-31,-9999.99M
2010-09-01,-9999.99M
2010-09-02,-9999.99M
2010-09-03,-9999.99M
2010-09-04,-9999.99M
2010-09-05,-9999.99M
2010-09-06,-9999.99M
2010-09-07,-9999.99M
2010-09-08,-9999.99M
2010-09-09,-9999.99M
2010-09-10,-9999.99M
2010-09-11,-9999.99M
2010-09-12,-9999.99M
2010-09-13,-9999.99M
2010-09-14,-9999.99M
2010-09-15,-9999.99M
2010-09-16,-9999.99M
2010-09-17,-9999.99M
2010-09-18,-9999.99M
2010-09-19,-9999.99M
2010-09-20,-9999.99M
2010-09-21,-9999.99M
2010-09-22,-9999.99M
2010-09-23,-9999.99M
2010-09-24,-9999.99M
2010-09-25,-9999.99M
2010-09-26,-9999.99M
2010-09-27,-9999.99M
2010-09-28,-9999.99M
2010-09-29,-9999.99M
2010-09-30,-9999.99M
2010-09-31,-9999.99M
2010-10-01,-9999.99M
2010-10-02,-9999.99M
2010-10-03,-9999.99M
2010-10-04,-9999.99M
2010-10-05,-9999.99M
2010-10-06,-9999.99M
2010-10-07,-9999.99M
2010-10-08,-9999.99M
2010-10-09,-9999.99M
2010-10-10,-9999.99M
2010-10-11,-9999.99M
2010-10-12,-9999.99M
2010-10-13,-9999.99M
2010-10-14,-9999.99M
2010-10-15,-9999.99M
2010-10-16,-9999.99M
2010-10-17,-9999.99M
2010-10-18,-9999.99M
2010-10-19,-9999.99M
2010-10-20,-9999.99M
2010-10-21,-9999.99M
2010-10-22,-9999.99M
2010-10-23,-9999.99M
2010-10-24,-9999.99M
2010-10-25,-9999.99M
2010-10-26,-9999.99M
2010-10-27,-9999.99M
2010-10-28,-9999.99M
2010-10-29,-9999.99M
2010-10-30,-9999.99M
2010-10-31,-9999.99M
2010-11-01,-9999.99M
2010-11-02,-9999.99M
2010-11-03,-9999.99M
2010-11-04,-9999.99M
2010-11-05,-9999.99M
2010-11-06,-9999.99M
2010-11-07,-9999.99M
2010-11-08,-9999.99M
2010-11-09,-9999.99M
2010-11-10,-9999.99M
2010-11-11,-9999.99M
2010-11-12,-9999.99M
2010-11-13,-9999.99M
2010-11-14,-9999.99M
2010-11-15,-9999.99M
2010-11-16,-9999.99M
2010-11-17,-9999.99M
2010-11-18,-9999.99M
2010-11-19,-9999.99M
2010-11-20,-9999.99M
2010-11-21,-9999.99M
2010-11-22,-9999.99M
2010-11-23,-9999.99M
2010-11-24,-9999.99M
2010-11-25,-9999.99M
2010-11-26,-9999.99M
2010-11-27,-9999.99M
2010-11-28,-9999.99M
2010-11-29,-9999.99M
2010-11-30,-9999.99M
2010-11-31,-9999.99M
2010-12-01,-9999.99M
2010-12-02,-9999.99M
2010-12-03,-9999.99M
2010-12-04,-9999.99M
2010-12-05,-9999.99M
2010-12-06,-9999.99M
2010-12-07,-9999.99M
2010-12-08,-9999.99M
2010-12-09,-9999.99M
2010-12-10,-9999.99M
2010-12-11,-9999.99M
2010-12-12,-9999.99M
2010-12-13,-9999.99M
2010-12-14,-9999.99M
2010-12-15,-9999.99M
2010-12-16,-9999.99M
2010-12-17,-9999.99M
2010-12-18,-9999.99M
2010-12-19,-9999.99M
2010-12-20,-9999.99M
2010-12-21,-9999.99M
2010-12-22,-9999.99M
2010-12-23,-9999.99M
2010-12-24,-9999.99M
2010-12-25,-9999.99M
2010-12-26,-9999.99M
2010-12-27,-9999.99M
2010-12-28,-9999.99M
2010-12-29,-9999.99M
2010-12-30,-9999.99M
2010-12-31,-9999.99M
2011-01-01,-9999.99M
2011-01-02,-9999.99M
2011-01-03,-9999.99M
2011-01-04,-9999.99M
2011-01-05,-9999.99M
2011-01-06,-9999.99M
2011-01-07,-9999.99M
2011-01-08,-9999.99M
2011-01-09,-9999.99M
2011-01-10,-9999.99M
2011-01-11,-9999.99M
2011-01-12,-9999.99M
2011-01-13,-9999.99M
2011-01-14,-9999.99M
2011-01-15,-9999.99M
2011-01-16,-9999.99M
2011-01-17,-9999.99M
2011-01-18,-9999.99M
2011-01-19,-9999.99M
2011-01-20,-9999.99M
2011-01-21,-9999.99M
2011-01-22,-9999.99M
2011-01-23,-9999.99M
2011-01-24,-9999.99M
2011-01-25,-9999.99M
2011-01-26,-9999.99M
2011-01-27,-9999.99M
2011-01-28,-9999.99M
2011-01-29,-9999.99M
2011-01-30,-9999.99M
2011-01-31,-9999.99M
2011-02-01,-9999.99M
2011-02-02,-9999.99M
2011-02-03,-9999.99M
2011-02-04,-9999.99M
2011-02-05,-9999.99M
2011-02-06,-9999.99M
2011-02-07,-9999.99M
2011-02-08,-9999.99M
2011-02-09,-9999.99M
2011-02-10,-9999.99M
2011-02-11,-9999.99M
2011-02-12,-9999.99M
2011-02-13,-9999.99M
2011-02-14,-9999.99M
2011-02-15,-9999.99M
2011-02-16,-9999.99M
2011-02-17,-9999.99M
2011-02-18,-9999.99M
2011-02-19,-9999.99M
2011-02-20,-9999.99M
2011-02-21,-9999.99M
2011-02-22,-9999.99M
2011-02-23,-9999.99M
2011-02-24,-9999.99M
2011-02-25,-9999.99M
2011-02-26,-9999.99M
2011-02-27,-9999.99M
2011-02-28,-9999.99M
2011-02-29,-9999.99M
2011-02-30,-9999.99M
2011-02-31,-9999.99M
2011-03-01,-9999.99M
2011-03-02,-9999.99M
2011-03-03,-9999.99M
2011-03-04,-9999.99M
2011-03-05,-9999.99M
2011-03-06,-9999.99M
2011-03-07,-9999.99M
2011-03-08,-9999.99M
2011-03-09,-9999.99M
2011-03-10,-9999.99M
2011-03-11,-9999.99M
2011-03-12,-9999.99M
2011-03-13,-9999.99M
2011-03-14,-9999.99M
2011-03-15,-9999.99M
2011-03-16,-9999.99M
2011-03-17,-9999.99M
2011-03-18,-9999.99M
2011-03-19,-9999.99M
2011-03-20,-9999.99M
2011-03-21,-9999.99M
2011-03-22,-9999.99M
2011-03-23,-9999.99M
2011-03-24,-9999.99M
2011-03-25,-9999.99M
2011-03-26,-9999.99M
2011-03-27,-9999.99M
2011-03-28,-9999.99M
2011-03-29,-9999.99M
2011-03-30,-9999.99M
2011-03-31,-9999.99M
2011-04-01,-9999.99M
2011-04-02,-9999.99M
2011-04-03,-9999.99M
2011-04-04,-9999.99M
2011-04-05,-9999.99M
2011-04-06,-9999.99M
2011-04-07,-9999.99M
2011-04-08,-9999.99M
2011-04-09,-9999.99M
2011-04-10,-9999.99M
2011-04-11,-9999.99M
2011-04-12,-9999.99M
2011-04-13,-9999.99M
2011-04-14,-9999.99M
2011-04-15,-9999.99M
2011-04-16,-9999.99M
2011-04-17,-9999.99M
2011-04-18,-9999.99M
2011-04-19,-9999.99M
2011-04-20,-9999.99M
2011-04-21,-9999.99M
2011-04-22,-9999.99M
2011-04-23,-9999.99M
2011-04-24,-9999.99M
2011-04-25,-9999.99M
2011-04-26,-9999.99M
2011-04-27,-9999.99M
2011-04-28,-9999.99M
2011-04-29,-9999.99M
2011-04-30,-9999.99M
2011-04-31,-9999.99M
2011-05-01,-9999.99M
2011-05-02,-9999.99M
2011-05-03,-9999.99M
2011-05-04,-9999.99M
2011-05-05,-9999.99M
2011-05-06,-9999.99M
2011-05-07,-9999.99M
2011-05-08,-9999.99M
2011-05-09,-9999.99M
2011-05-10,-9999.99M
2011-05-11,-9999.99M
2011-05-12,-9999.99M
2011-05-13,-9999.99M
2011-05-14,-9999.99M
2011-05-15,-9999.99M
2011-05-16,-9999.99M
2011-05-17,-9999.99M
2011-05-18,-9999.99M
2011-05-19,-9999.99M
2011-05-20,-9999.99M
2011-05-21,-9999.99M
2011-05-22,-9999.99M
2011-05-23,-9999.99M
2011-05-24,-9999.99M
2011-05-25,-9999.99M
2011-05-26,-9999.99M
2011-05-27,-9999.99M
2011-05-28,-9999.99M
2011-05-29,-9999.99M
2011-05-30,-9999.99M
2011-05-31,-9999.99M
2011-06-01,-9999.99M
2011-06-02,-9999.99M
2011-06-03,-9999.99M
2011-06-04,-9999.99M
2011-06-05,-9999.99M
2011-06-06,-9999.99M
2011-06-07,-9999.99M
2011-06-08,-9999.99M
2011-06-09,-9999.99M
2011-06-10,-9999.99M
2011-06-11,-9999.99M
2011-06-12,-9999.99M
2011-06-13,-9999.99M
2011-06-14,-9999.99M
2011-06-15,-9999.99M
2011-06-16,-9999.99M
2011-06-17,-9999.99M
2011-06-18,-9999.99M
2011-06-19,-9999.99M
2011-06-20,-9999.99M
2011-06-21,-9999.99M
2011-06-22,-9999.99M
2011-06-23,-9999.99M
2011-06-24,-9999.99M
2011-06-25,-9999.99M
2011-06-26,-9999.99M
2011-06-27,-9999.99M
2011-06-28,-9999.99M
2011-06-29,-9999.99M
2011-06-30,-9999.99M
2011-06-31,-9999.99M
2011-07-01,-9999.99M
2011-07-02,-9999.99M
2011-07-03,-9999.99M
2011-07-04,-9999.99M
2011-07-05,-9999.99M
2011-07-06,-9999.99M
2011-07-07,-9999.99M
2011-07-08,-9999.99M
2011-07-09,-9999.99M
2011-07-10,-9999.99M
2011-07-11,-9999.99M
2011-07-12,-9999.99M
2011-07-13,-9999.99M
2011-07-14,-9999.99M
2011-07-15,-9999.99M
2011-07-16,-9999.99M
2011-07-17,-9999.99M
2011-07-18,-9999.99M
2011-07-19,-9999.99M
2011-07-20,-9999.99M
2011-07-21,-9999.99M
2011-07-22,-9999.99M
2011-07-23,-9999.99M
2011-07-24,-9999.99M
2011-07-25,-9999.99M
2011-07-26,-9999.99M
2011-07-27,-9999.99M
2011-07-28,-9999.99M
2011-07-29,-9999.99M
2011-07-30,-9999.99M
2011-07-31,-9999.99M
2011-08-01,-9999.99M
2011-08-02,-9999.99M
2011-08-03,-9999.99M
2011-08-04,-9999.99M
2011-08-05,-9999.99M
2011-08-06,-9999.99M
2011-08-07,-9999.99M
2011-08-08,-9999.99M
2011-08-09,-9999.99M
2011-08-10,-9999.99M
2011-08-11,-9999.99M
2011-08-12,-9999.99M
2011-08-13,-9999.99M
2011-08-14,-9999.99M
2011-08-15,-9999.99M
2011-08-16,-9999.99M
2011-08-17,-9999.99M
2011-08-18,-9999.99M
2011-08-19,-9999.99M
2011-08-20,-9999.99M
2011-08-21,-9999.99M
2011-08-22,-9999.99M
2011-08-23,-9999.99M
2011-08-24,-9999.99M
2011-08-25,-9999.99M
2011-08-26,-9999.99M
2011-08-27,-9999.99M
2011-08-28,-9999.99M
2011-08-29,-9999.99M
2011-08-30,-9999.99M
2011-08-31,-9999.99M
2011-09-01,-9999.99M
2011-09-02,-9999.99M
2011-09-03,-9999.99M
2011-09-04,-9999.99M
2011-09-05,-9999.99M
2011-09-06,-9999.99M
2011-09-07,-9999.99M
2011-09-08,-9999.99M
2011-09-09,-9999.99M
2011-09-10,-9999.99M
2011-09-11,-9999.99M
2011-09-12,-9999.99M
2011-09-13,-9999.99M
2011-09-14,-9999.99M
2011-09-15,-9999.99M
2011-09-16,-9999.99M
2011-09-17,-9999.99M
2011-09-18,-9999.99M
2011-09-19,-9999.99M
2011-09-20,-9999.99M
2011-09-21,-9999.99M
2011-09-22,-9999.99M
2011-09-23,-9999.99M
2011-09-24,-9999.99M
2011-09-25,-9999.99M
2011-09-26,-9999.99M
2011-09-27,-9999.99M
2011-09-28,-9999.99M
2011-09-29,-9999.99M
2011-09-30,-9999.99M
2011-09-31,-9999.99M
2011-10-01,-9999.99M
2011-10-02,-9999.99M
2011-10-03,-9999.99M
2011-10-04,-9999.99M
2011-10-05,-9999.99M
2011-10-06,-9999.99M
2011-10-07,-9999.99M
2011-10-08,-9999.99M
2011-10-09,-9999.99M
2011-10-10,-9999.99M
2011-10-11,-9999.99M
2011-10-12,-9999.99M
2011-10-13,-9999.99M
2011-10-14,-9999.99M
2011-10-15,-9999.99M
2011-10-16,-9999.99M
2011-10-17,-9999.99M
2011-10-18,-9999.99M
2011-10-19,-9999.99M
2011-10-20,-9999.99M
2011-10-21,-9999.99M
2011-10-22,-9999.99M
2011-10-23,-9999.99M
2011-10-24,-9999.99M
2011-10-25,-9999.99M
2011-10-26,-9999.99M
2011-10-27,-9999.99M
2011-10-28,-9999.99M
2011-10-29,-9999.99M
2011-10-30,-9999.99M
2011-10-31,-9999.99M
2011-11-01,-9999.99M
2011-11-02,-9999.99M
2011-11-03,-9999.99M
2011-11-04,-9999.99M
2011-11-05,-9999.99M
2011-11-06,-9999.99M
2011-11-07,-9999.99M
2011-11-08,-9999.99M
2011-11-09,-9999.99M
2011-11-10,-9999.99M
2011-11-11,-9999.99M
2011-11-12,-9999.99M
2011-11-13,-9999.99M
2011-11-14,-9999.99M
2011-11-15,-9999.99M
2011-11-16,-9999.99M
2011-11-17,-9999.99M
2011-11-18,-9999.99M
2011-11-19,-9999.99M
2011-11-20,-9999.99M
2011-11-21,-9999.99M
2011-11-22,-9999.99M
2011-11-23,-9999.99M
2011-11-24,-9999.99M
2011-11-25,-9999.99M
2011-11-26,-9999.99M
2011-11-27,-9999.99M
2011-11-28,-9999.99M
2011-11-29,-9999.99M
2011-11-30,-9999.99M
2011-11-31,-9999.99M
2011-12-01,-9999.99M
2011-12-02,-9999.99M
2011-12-03,-9999.99M
2011-12-04,-9999.99M
2011-12-05,-9999.99M
2011-12-06,-9999.99M
2011-12-07,-9999.99M
2011-12-08,-9999.99M
2011-12-09,-9999.99M
2011-12-10,-9999.99M
2011-12-11,-9999.99M
2011-12-12,-9999.99M
2011-12-13,-9999.99M
2011-12-14,-9999.99M
2011-12-15,-9999.99M
2011-12-16,-9999.99M
2011-12-17,-9999.99M
2011-12-18,-9999.99M
2011-12-19,-9999.99M
2011-12-20,-9999.99M
2011-12-21,-9999.99M
2011-12-22,-9999.99M
2011-12-23,-9999.99M
2011-12-24,-9999.99M
2011-12-25,-9999.99M
2011-12-26,-9999.99M
2011-12-27,-9999.99M
2011-12-28,-9999.99M
2011-12-29,-9999.99M
2011-12-30,-9999.99M
2011-12-31,-9999.99M
2012-01-01,-9999.99M
2012-01-02,-9999.99M
2012-01-03,-9999.99M
2012-01-04,-9999.99M
2012-01-05,-9999.99M
2012-01-06,-9999.99M
2012-01-07,-9999.99M
2012-01-08,-9999.99M
2012-01-09,-9999.99M
2012-01-10,-9999.99M
2012-01-11,-9999.99M
2012-01-12,-9999.99M
2012-01-13,-9999.99M
2012-01-14,-9999.99M
2012-01-15,-9999.99M
2012-01-16,-9999.99M
2012-01-17,-9999.99M
2012-01-18,-9999.99M
2012-01-19,-9999.99M
2012-01-20,-9999.99M
2012-01-21,-9999.99M
2012-01-22,-9999.99M
2012-01-23,-9999.99M
2012-01-24,-9999.99M
2012-01-25,-9999.99M
2012-01-26,-9999.99M
2012-01-27,-9999.99M
2012-01-28,-9999.99M
2012-01-29,-9999.99M
2012-01-30,-9999.99M
2012-01-31,-9999.99M
2012-02-01,-9999.99M
2012-02-02,-9999.99M
2012-02-03,-9999.99M
2012-02-04,-9999.99M
2012-02-05,-9999.99M
2012-02-06,-9999.99M
2012-02-07,-9999.99M
2012-02-08,-9999.99M
2012-02-09,-9999.99M
2012-02-10,-9999.99M
2012-02-11,-9999.99M
2012-02-12,-9999.99M
2012-02-13,-9999.99M
2012-02-14,-9999.99M
2012-02-15,-9999.99M
2012-02-16,-9999.99M
2012-02-17,-9999.99M
2012-02-18,-9999.99M
2012-02-19,-9999.99M
2012-02-20,-9999.99M
2012-02-21,-9999.99M
2012-02-22,-9999.99M
2012-02-23,-9999.99M
2012-02-24,-9999.99M
2012-02-25,-9999.99M
2012-02-26,-9999.99M
2012-02-27,-9999.99M
2012-02-28,-9999.99M
2012-02-29,-9999.99M
2012-02-30,-9999.99M
2012-02-31,-9999.99M
2012-03-01,-9999.99M
2012-03-02,-9999.99M
2012-03-03,-9999.99M
2012-03-04,-9999.99M
2012-03-05,-9999.99M
2012-03-06,-9999.99M
2012-03-07,-9999.99M
2012-03-08,-9999.99M
2012-03-09,-9999.99M
2012-03-10,-9999.99M
2012-03-11,-9999.99M
2012-03-12,-9999.99M
2012-03-13,-9999.99M
2012-03-14,-9999.99M
2012-03-15,-9999.99M
2012-03-16,-9999.99M
2012-03-17,-9999.99M
2012-03-18,-9999.99M
2012-03-19,-9999.99M
2012-03-20,-9999.99M
2012-03-21,-9999.99M
2012-03-22,-9999.99M
2012-03-23,-9999.99M
2012-03-24,-9999.99M
2012-03-25,-9999.99M
2012-03-26,-9999.99M
2012-03-27,-9999.99M
2012-03-28,-9999.99M
2012-03-29,-9999.99M
2012-03-30,-9999.99M
2012-03-31,-9999.99M
2012-04-01,-9999.99M
2012-04-02,-9999.99M
2012-04-03,-9999.99M
2012-04-04,-9999.99M
2012-04-05,-9999.99M
2012-04-06,-9999.99M
2012-04-07,-9999.99M
2012-04-08,-9999.99M
2012-04-09,-9999.99M
2012-04-10,-9999.99M
2012-04-11,-9999.99M
2012-04-12,-9999.99M
2012-04-13,-9999.99M
2012-04-14,-9999.99M
2012-04-15,-9999.99M
2012-04-16,-9999.99M
2012-04-17,-9999.99M
2012-04-18,-9999.99M
2012-04-19,-9999.99M
2012-04-20,-9999.99M
2012-04-21,-9999.99M
2012-04-22,-9999.99M
2012-04-23,-9999.99M
2012-04-24,-9999.99M
2012-04-25,-9999.99M
2012-04-26,-9999.99M
2012-04-27,-9999.99M
2012-04-28,-9999.99M
2012-04-29,-9999.99M
2012-04-30,-9999.99M
2012-04-31,-9999.99M
2012-05-01,-9999.99M
2012-05-02,-9999.99M
2012-05-03,-9999.99M
2012-05-04,-9999.99M
2012-05-05,-9999.99M
2012-05-06,-9999.99M
2012-05-07,-9999.99M
2012-05-08,-9999.99M
2012-05-09,-9999.99M
2012-05-10,-9999.99M
2012-05-11,-9999.99M
2012-05-12,-9999.99M
2012-05-13,-9999.99M
2012-05-14,-9999.99M
2012-05-15,-9999.99M
2012-05-16,-9999.99M
2012-05-17,-9999.99M
2012-05-18,-9999.99M
2012-05-19,-9999.99M
2012-05-20,-9999.99M
2012-05-21,-9999.99M
2012-05-22,-9999.99M
2012-05-23,-9999.99M
2012-05-24,-9999.99M
2012-05-25,-9999.99M
2012-05-26,-9999.99M
2012-05-27,-9999.99M
2012-05-28,-9999.99M
2012-05-29,-9999.99M
2012-05-30,-9999.99M
2012-05-31,-9999.99M
2012-06-01,-9999.99M
2012-06-02,-9999.99M
2012-06-03,-9999.99M
2012-06-04,-9999.99M
2012-06-05,-9999.99M
2012-06-06,-9999.99M
2012-06-07,-9999.99M
2012-06-08,-9999.99M
2012-06-09,-9999.99M
2012-06-10,-9999.99M
2012-06-11,-9999.99M
2012-06-12,-9999.99M
2012-06-13,-9999.99M
2012-06-14,-9999.99M
2012-06-15,-9999.99M
2012-06-16,-9999.99M
2012-06-17,-9999.99M
2012-06-18,-9999.99M
2012-06-19,-9999.99M
2012-06-20,-9999.99M
2012-06-21,-9999.99M
2012-06-22,-9999.99M
2012-06-23,-9999.99M
2012-06-24,-9999.99M
2012-06-25,-9999.99M
2012-06-26,-9999.99M
2012-06-27,-9999.99M
2012-06-28,-9999.99M
2012-06-29,-9999.99M
2012-06-30,-9999.99M
2012-06-31,-9999.99M
2012-07-01,-9999.99M
2012-07-02,-9999.99M
2012-07-03,-9999.99M
2012-07-04,-9999.99M
2012-07-05,-9999.99M
2012-07-06,-9999.99M
2012-07-07,-9999.99M
2012-07-08,-9999.99M
2012-07-09,-9999.99M
2012-07-10,-9999.99M
2012-07-11,-9999.99M
2012-07-12,-9999.99M
2012-07-13,-9999.99M
2012-07-14,-9999.99M
2012-07-15,-9999.99M
2012-07-16,-9999.99M
2012-07-17,-9999.99M
2012-07-18,-9999.99M
2012-07-19,-9999.99M
2012-07-20,-9999.99M
2012-07-21,-9999.99M
2012-07-22,-9999.99M
2012-07-23,-9999.99M
2012-07-24,-9999.99M
2012-07-25,-9999.99M
2012-07-26,-9999.99M
2012-07-27,-9999.99M
2012-07-28,-9999.99M
2012-07-29,-9999.99M
2012-07-30,-9999.99M
2012-07-31,-9999.99M
2012-08-01,-9999.99M
2012-08-02,-9999.99M
2012-08-03,-9999.99M
2012-08-04,-9999.99M
2012-08-05,-9999.99M
2012-08-06,-9999.99M
2012-08-07,-9999.99M
2012-08-08,-9999.99M
2012-08-09,-9999.99M
2012-08-10,-9999.99M
2012-08-11,-9999.99M
2012-08-12,-9999.99M
2012-08-13,-9999.99M
2012-08-14,-9999.99M
2012-08-15,-9999.99M
2012-08-16,-9999.99M
2012-08-17,-9999.99M
2012-08-18,-9999.99M
2012-08-19,-9999.99M
2012-08-20,-9999.99M
2012-08-21,-9999.99M
2012-08-22,-9999.99M
2012-08-23,-9999.99M
2012-08-24,-9999.99M
2012-08-25,-9999.99M
2012-08-26,-9999.99M
2012-08-27,-9999.99M
2012-08-28,-9999.99M
2012-08-29,-9999.99M
2012-08-30,-9999.99M
2012-08-31,-9999.99M
2012-09-01,-9999.99M
2012-09-02,-9999.99M
2012-09-03,-9999.99M
2012-09-04,-9999.99M
2012-09-05,-9999.99M
2012-09-06,-9999.99M
2012-09-07,-9999.99M
2012-09-08,-9999.99M
2012-09-09,-9999.99M
2012-09-10,-9999.99M
2012-09-11,-9999.99M
2012-09-12,-9999.99M
2012-09-13,-9999.99M
2012-09-14,-9999.99M
2012-09-15,-9999.99M
2012-09-16,-9999.99M
2012-09-17,-9999.99M
2012-09-18,-9999.99M
2012-09-19,-9999.99M
2012-09-20,-9999.99M
2012-09-21,-9999.99M
2012-09-22,-9999.99M
2012-09-23,-9999.99M
2012-09-24,-9999.99M
2012-09-25,-9999.99M
2012-09-26,-9999.99M
2012-09-27,-9999.99M
2012-09-28,-9999.99M
2012-09-29,-9999.99M
2012-09-30,-9999.99M
2012-09-31,-9999.99M
2012-10-01,-9999.99M
2012-10-02,-9999.99M
2012-10-03,-9999.99M
2012-10-04,-9999.99M
2012-10-05,-9999.99M
2012-10-06,-9999.99M
2012-10-07,-9999.99M
2012-10-08,-9999.99M
2012-10-09,-9999.99M
2012-10-10,-9999.99M
2012-10-11,-9999.99M
2012-10-12,-9999.99M
2012-10-13,-9999.99M
2012-10-14,-9999.99M
2012-10-15,-9999.99M
2012-10-16,-9999.99M
2012-10-17,-9999.99M
2012-10-18,-9999.99M
2012-10-19,-9999.99M
2012-10-20,-9999.99M
2012-10-21,-9999.99M
2012-10-22,-9999.99M
2012-10-23,-9999.99M
2012-10-24,-9999.99M
2012-10-25,-9999.99M
2012-10-26,-9999.99M
2012-10-27,-9999.99M
2012-10-28,-9999.99M
2012-10-29,-9999.99M
2012-10-30,-9999.99M
2012-10-31,-9999.99M
2012-11-01,-9999.99M
2012-11-02,-9999.99M
2012-11-03,-9999.99M
2012-11-04,-9999.99M
2012-11-05,-9999.99M
2012-11-06,-9999.99M
2012-11-07,-9999.99M
2012-11-08,-9999.99M
2012-11-09,-9999.99M
2012-11-10,-9999.99M
2012-11-11,-9999.99M
2012-11-12,-9999.99M
2012-11-13,-9999.99M
2012-11-14,-9999.99M
2012-11-15,-9999.99M
2012-11-16,-9999.99M
2012-11-17,-9999.99M
2012-11-18,-9999.99M
2012-11-19,-9999.99M
2012-11-20,-9999.99M
2012-11-21,-9999.99M
2012-11-22,-9999.99M
2012-11-23,-9999.99M
2012-11-24,-9999.99M
2012-11-25,-9999.99M
2012-11-26,-9999.99M
2012-11-27,-9999.99M
2012-11-28,-9999.99M
2012-11-29,-9999.99M
2012-11-30,-9999.99M
2012-11-31,-9999.99M
2012-12-01,-9999.99M
2012-12-02,-9999.99M
2012-12-03,-9999.99M
2012-12-04,-9999.99M
2012-12-05,-9999.99M
2012-12-06,-9999.99M
2012-12-07,-9999.99M
2012-12-08,-9999.99M
2012-12-09,-9999.99M
2012-12-10,-9999.99M
2012-12-11,-9999.99M
2012-12-12,-9999.99M
2012-12-13,-9999.99M
2012-12-14,-9999.99M
2012-12-15,-9999.99M
2012-12-16,-9999.99M
2012-12-17,-9999.99M
2012-12-18,-9999.99M
2012-12-19,-9999.99M
2012-12-20,-9999.99M
2012-12-21,-9999.99M
2012-12-22,-9999.99M
2012-12-23,-9999.99M
2012-12-24,-9999.99M
2012-12-25,-9999.99M
2012-12-26,-9999.99M
2012-12-27,-9999.99M
2012-12-28,-9999.99M
2012-12-29,-9999.99M
2012-12-30,-9999.99M
2012-12-31,-9999.99M
2013-01-01,-9999.99M
2013-01-02,-9999.99M
2013-01-03,-9999.99M
2013-01-04,-9999.99M
2013-01-05,-9999.99M
2013-01-06,-9999.99M
2013-01-07,-9999.99M
2013-01-08,-9999.99M
2013-01-09,-9999.99M
2013-01-10,-9999.99M
2013-01-11,-9999.99M
2013-01-12,-9999.99M
2013-01-13,-9999.99M
2013-01-14,-9999.99M
2013-01-15,-9999.99M
2013-01-16,-9999.99M
2013-01-17,-9999.99M
2013-01-18,-9999.99M
2013-01-19,-9999.99M
2013-01-20,-9999.99M
2013-01-21,-9999.99M
2013-01-22,-9999.99M
2013-01-23,-9999.99M
2013-01-24,-9999.99M
2013-01-25,-9999.99M
2013-01-26,-9999.99M
2013-01-27,-9999.99M
2013-01-28,-9999.99M
2013-01-29,-9999.99M
2013-01-30,-9999.99M
2013-01-31,-9999.99M
2013-02-01,-9999.99M
2013-02-02,-9999.99M
2013-02-03,-9999.99M
2013-02-04,-9999.99M
2013-02-05,-9999.99M
2013-02-06,-9999.99M
2013-02-07,-9999.99M
2013-02-08,-9999.99M
2013-02-09,-9999.99M
2013-02-10,-9999.99M
2013-02-11,-9999.99M
2013-02-12,-9999.99M
2013-02-13,-9999.99M
2013-02-14,-9999.99M
2013-02-15,-9999.99M
2013-02-16,-9999.99M
2013-02-17,-9999.99M
2013-02-18,-9999.99M
2013-02-19,-9999.99M
2013-02-20,-9999.99M
2013-02-21,-9999.99M
2013-02-22,-9999.99M
2013-02-23,-9999.99M
2013-02-24,-9999.99M
2013-02-25,-9999.99M
2013-02-26,-9999.99M
2013-02-27,-9999.99M
2013-02-28,-9999.99M
2013-02-29,-9999.99M
2013-02-30,-9999.99M
2013-02-31,-9999.99M
2013-03-01,-9999.99M
2013-03-02,-9999.99M
2013-03-03,-9999.99M
2013-03-04,-9999.99M
2013-03-05,-9999.99M
2013-03-06,-9999.99M
2013-03-07,-9999.99M
2013-03-08,-9999.99M
2013-03-09,-9999.99M
2013-03-10,-9999.99M
2013-03-11,-9999.99M
2013-03-12,-9999.99M
2013-03-13,-9999.99M
2013-03-14,-9999.99M
2013-03-15,-9999.99M
2013-03-16,-9999.99M
2013-03-17,-9999.99M
2013-03-18,-9999.99M
2013-03-19,-9999.99M
2013-03-20,-9999.99M
2013-03-21,-9999.99M
2013-03-22,-9999.99M
2013-03-23,-9999.99M
2013-03-24,-9999.99M
2013-03-25,-9999.99M
2013-03-26,-9999.99M
2013-03-27,-9999.99M
2013-03-28,-9999.99M
2013-03-29,-9999.99M
2013-03-30,-9999.99M
2013-03-31,-9999.99M
2013-04-01,-9999.99M
2013-04-02,-9999.99M
2013-04-03,-9999.99M
2013-04-04,-9999.99M
2013-04-05,-9999.99M
2013-04-06,-9999.99M
2013-04-07,-9999.99M
2013-04-08,-9999.99M
2013-04-09,-9999.99M
2013-04-10,-9999.99M
2013-04-11,-9999.99M
2013-04-12,-9999.99M
2013-04-13,-9999.99M
2013-04-14,-9999.99M
2013-04-15,-9999.99M
2013-04-16,-9999.99M
2013-04-17,-9999.99M
2013-04-18,-9999.99M
2013-04-19,-9999.99M
2013-04-20,-9999.99M
2013-04-21,-9999.99M
2013-04-22,-9999.99M
2013-04-23,-9999.99M
2013-04-24,-9999.99M
2013-04-25,-9999.99M
2013-04-26,-9999.99M
2013-04-27,-9999.99M
2013-04-28,-9999.99M
2013-04-29,-9999.99M
2013-04-30,-9999.99M
2013-04-31,-9999.99M
2013-05-01,-9999.99M
2013-05-02,-9999.99M
2013-05-03,-9999.99M
2013-05-04,-9999.99M
2013-05-05,-9999.99M
2013-05-06,-9999.99M
2013-05-07,-9999.99M
2013-05-08,-9999.99M
2013-05-09,-9999.99M
2013-05-10,-9999.99M
2013-05-11,-9999.99M
2013-05-12,-9999.99M
2013-05-13,-9999.99M
2013-05-14,-9999.99M
2013-05-15,-9999.99M
2013-05-16,-9999.99M
2013-05-17,-9999.99M
2013-05-18,-9999.99M
2013-05-19,-9999.99M
2013-05-20,-9999.99M
2013-05-21,-9999.99M
2013-05-22,-9999.99M
2013-05-23,-9999.99M
2013-05-24,-9999.99M
2013-05-25,-9999.99M
2013-05-26,-9999.99M
2013-05-27,-9999.99M
2013-05-28,-9999.99M
2013-05-29,-9999.99M
2013-05-30,-9999.99M
2013-05-31,-9999.99M
2013-06-01,-9999.99M
2013-06-02,-9999.99M
2013-06-03,-9999.99M
2013-06-04,-9999.99M
2013-06-05,-9999.99M
2013-06-06,-9999.99M
2013-06-07,-9999.99M
2013-06-08,-9999.99M
2013-06-09,-9999.99M
2013-06-10,-9999.99M
2013-06-11,-9999.99M
2013-06-12,-9999.99M
2013-06-13,-9999.99M
2013-06-14,-9999.99M
2013-06-15,-9999.99M
2013-06-16,-9999.99M
2013-06-17,-9999.99M
2013-06-18,-9999.99M
2013-06-19,-9999.99M
2013-06-20,-9999.99M
2013-06-21,-9999.99M
2013-06-22,-9999.99M
2013-06-23,-9999.99M
2013-06-24,-9999.99M
2013-06-25,-9999.99M
2013-06-26,-9999.99M
2013-06-27,-9999.99M
2013-06-28,-9999.99M
2013-06-29,-9999.99M
2013-06-30,-9999.99M
2013-06-31,-9999.99M
2013-07-01,-9999.99M
2013-07-02,-9999.99M
2013-07-03,-9999.99M
2013-07-04,-9999.99M
2013-07-05,-9999.99M
2013-07-06,-9999.99M
2013-07-07,-9999.99M
2013-07-08,-9999.99M
2013-07-09,-9999.99M
2013-07-10,-9999.99M
2013-07-11,-9999.99M
2013-07-12,-9999.99M
2013-07-13,-9999.99M
2013-07-14,-9999.99M
2013-07-15,-9999.99M
2013-07-16,-9999.99M
2013-07-17,-9999.99M
2013-07-18,-9999.99M
2013-07-19,-9999.99M
2013-07-20,-9999.99M
2013-07-21,-9999.99M
2013-07-22,-9999.99M
2013-07-23,-9999.99M
2013-07-24,-9999.99M
2013-07-25,-9999.99M
2013-07-26,-9999.99M
2013-07-27,-9999.99M
2013-07-28,-9999.99M
2013-07-29,-9999.99M
2013-07-30,-9999.99M
2013-07-31,-9999.99M
2013-08-01,-9999.99M
2013-08-02,-9999.99M
2013-08-03,-9999.99M
2013-08-04,-9999.99M
2013-08-05,-9999.99M
2013-08-06,-9999.99M
2013-08-07,-9999.99M
2013-08-08,-9999.99M
2013-08-09,-9999.99M
2013-08-10,-9999.99M
2013-08-11,-9999.99M
2013-08-12,-9999.99M
2013-08-13,-9999.99M
2013-08-14,-9999.99M
2013-08-15,-9999.99M
2013-08-16,-9999.99M
2013-08-17,-9999.99M
2013-08-18,-9999.99M
2013-08-19,-9999.99M
2013-08-20,-9999.99M
2013-08-21,-9999.99M
2013-08-22,-9999.99M
2013-08-23,-9999.99M
2013-08-24,-9999.99M
2013-08-25,-9999.99M
2013-08-26,-9999.99M
2013-08-27,-9999.99M
2013-08-28,-9999.99M
2013-08-29,-9999.99M
2013-08-30,-9999.99M
2013-08-31,-9999.99M
2013-09-01,-9999.99M
2013-09-02,-9999.99M
2013-09-03,-9999.99M
2013-09-04,-9999.99M
2013-09-05,-9999.99M
2013-09-06,-9999.99M
2013-09-07,-9999.99M
2013-09-08,-9999.99M
2013-09-09,-9999.99M
2013-09-10,-9999.99M
2013-09-11,-9999.99M
2013-09-12,-9999.99M
2013-09-13,-9999.99M
2013-09-14,-9999.99M
2013-09-15,-9999.99M
2013-09-16,-9999.99M
2013-09-17,-9999.99M
2013-09-18,-9999.99M
2013-09-19,-9999.99M
2013-09-20,-9999.99M
2013-09-21,-9999.99M
2013-09-22,-9999.99M
2013-09-23,-9999.99M
2013-09-24,-9999.99M
2013-09-25,-9999.99M
2013-09-26,-9999.99M
2013-09-27,-9999.99M
2013-09-28,-9999.99M
2013-09-29,-9999.99M
2013-09-30,-9999.99M
2013-09-31,-9999.99M
2013-10-01,-9999.99M
2013-10-02,-9999.99M
2013-10-03,-9999.99M
2013-10-04,-9999.99M
2013-10-05,-9999.99M
2013-10-06,-9999.99M
2013-10-07,-9999.99M
2013-10-08,-9999.99M
2013-10-09,-9999.99M
2013-10-10,-9999.99M
2013-10-11,-9999.99M
2013-10-12,-9999.99M
2013-10-13,-9999.99M
2013-10-14,-9999.99M
2013-10-15,-9999.99M
2013-10-16,-9999.99M
2013-10-17,-9999.99M
2013-10-18,-9999.99M
2013-10-19,-9999.99M
2013-10-20,-9999.99M
2013-10-21,-9999.99M
2013-10-22,-9999.99M
2013-10-23,-9999.99M
2013-10-24,-9999.99M
2013-10-25,-9999.99M
2013-10-26,-9999.99M
2013-10-27,-9999.99M
2013-10-28,-9999.99M
2013-10-29,-9999.99M
2013-10-30,-9999.99M
2013-10-31,-9999.99M
2013-11-01,-9999.99M
2013-11-02,-9999.99M
2013-11-03,-9999.99M
2013-11-04,-9999.99M
2013-11-05,-9999.99M
2013-11-06,-9999.99M
2013-11-07,-9999.99M
2013-11-08,-9999.99M
2013-11-09,-9999.99M
2013-11-10,-9999.99M
2013-11-11,-9999.99M
2013-11-12,-9999.99M
2013-11-13,-9999.99M
2013-11-14,-9999.99M
2013-11-15,-9999.99M
2013-11-16,-9999.99M
2013-11-17,-9999.99M
2013-11-18,-9999.99M
2013-11-19,-9999.99M
2013-11-20,-9999.99M
2013-11-21,-9999.99M
2013-11-22,-9999.99M
2013-11-23,-9999.99M
2013-11-24,-9999.99M
2013-11-25,-9999.99M
2013-11-26,-9999.99M
2013-11-27,-9999.99M
2013-11-28,-9999.99M
2013-11-29,-9999.99M
2013-11-30,-9999.99M
2013-11-31,-9999.99M
2013-12-01,-9999.99M
2013-12-02,-9999.99M
2013-12-03,-9999.99M
2013-12-04,-9999.99M
2013-12-05,-9999.99M
2013-12-06,-9999.99M
2013-12-07,-9999.99M
2013-12-08,-9999.99M
2013-12-09,-9999.99M
2013-12-10,-9999.99M
2013-12-11,-9999.99M
2013-12-12,-9999.99M
2013-12-13,-9999.99M
2013-12-14,-9999.99M
2013-12-15,-9999.99M
2013-12-16,-9999.99M
2013-12-17,-9999.99M
2013-12-18,-9999.99M
2013-12-19,-9999.99M
2013-12-20,-9999.99M
2013-12-21,-9999.99M
2013-12-22,-9999.99M
2013-12-23,-9999.99M
2013-12-24,-9999.99M
2013-12-25,-9999.99M
2013-12-26,-9999.99M
2013-12-27,-9999.99M
2013-12-28,-9999.99M
2013-12-29,-9999.99M
2013-12-30,-9999.99M
2013-12-31,-9999.99M
2014-01-01,-9999.99M
2014-01-02,-9999.99M
2014-01-03,-9999.99M
2014-01-04,-9999.99M
2014-01-05,-9999.99M
2014-01-06,-9999.99M
2014-01-07,-9999.99M
2014-01-08,-9999.99M
2014-01-09,-9999.99M
2014-01-10,-9999.99M
2014-01-11,-9999.99M
2014-01-12,-9999.99M
2014-01-13,-9999.99M
2014-01-14,-9999.99M
2014-01-15,-9999.99M
2014-01-16,-9999.99M
2014-01-17,-9999.99M
2014-01-18,-9999.99M
2014-01-19,-9999.99M
2014-01-20,-9999.99M
2014-01-21,-9999.99M
2014-01-22,-9999.99M
2014-01-23,-9999.99M
2014-01-24,-9999.99M
2014-01-25,-9999.99M
2014-01-26,-9999.99M
2014-01-27,-9999.99M
2014-01-28,-9999.99M
2014-01-29,-9999.99M
2014-01-30,-9999.99M
2014-01-31,-9999.99M
2014-02-01,-9999.99M
2014-02-02,-9999.99M
2014-02-03,-9999.99M
2014-02-04,-9999.99M
2014-02-05,-9999.99M
2014-02-06,-9999.99M
2014-02-07,-9999.99M
2014-02-08,-9999.99M
2014-02-09,-9999.99M
2014-02-10,-9999.99M
2014-02-11,-9999.99M
2014-02-12,-9999.99M
2014-02-13,-9999.99M
2014-02-14,-9999.99M
2014-02-15,-9999.99M
2014-02-16,-9999.99M
2014-02-17,-9999.99M
2014-02-18,-9999.99M
2014-02-19,-9999.99M
2014-02-20,-9999.99M
2014-02-21,-9999.99M
2014-02-22,-9999.99M
2014-02-23,-9999.99M
2014-02-24,-9999.99M
2014-02-25,-9999.99M
2014-02-26,-9999.99M
2014-02-27,-9999.99M
2014-02-28,-9999.99M
2014-02-29,-9999.99M
2014-02-30,-9999.99M
2014-02-31,-9999.99M
2014-03-01,-9999.99M
2014-03-02,-9999.99M
2014-03-03,-9999.99M
2014-03-04,-9999.99M
2014-03-05,-9999.99M
2014-03-06,-9999.99M
2014-03-07,-9999.99M
2014-03-08,-9999.99M
2014-03-09,-9999.99M
2014-03-10,-9999.99M
2014-03-11,-9999.99M
2014-03-12,-9999.99M
2014-03-13,-9999.99M
2014-03-14,-9999.99M
2014-03-15,-9999.99M
2014-03-16,-9999.99M
2014-03-17,-9999.99M
2014-03-18,-9999.99M
2014-03-19,-9999.99M
2014-03-20,-9999.99M
2014-03-21,-9999.99M
2014-03-22,-9999.99M
2014-03-23,-9999.99M
2014-03-24,-9999.99M
2014-03-25,-9999.99M
2014-03-26,-9999.99M
2014-03-27,-9999.99M
2014-03-28,-9999.99M
2014-03-29,-9999.99M
2014-03-30,-9999.99M
2014-03-31,-9999.99M
2014-04-01,-9999.99M
2014-04-02,-9999.99M
2014-04-03,-9999.99M
2014-04-04,-9999.99M
2014-04-05,-9999.99M
2014-04-06,-9999.99M
2014-04-07,-9999.99M
2014-04-08,-9999.99M
2014-04-09,-9999.99M
2014-04-10,-9999.99M
2014-04-11,-9999.99M
2014-04-12,-9999.99M
2014-04-13,-9999.99M
2014-04-14,-9999.99M
2014-04-15,-9999.99M
2014-04-16,-9999.99M
2014-04-17,-9999.99M
2014-04-18,-9999.99M
2014-04-19,-9999.99M
2014-04-20,-9999.99M
2014-04-21,-9999.99M
2014-04-22,-9999.99M
2014-04-23,-9999.99M
2014-04-24,-9999.99M
2014-04-25,-9999.99M
2014-04-26,-9999.99M
2014-04-27,-9999.99M
2014-04-28,-9999.99M
2014-04-29,-9999.99M
2014-04-30,-9999.99M
2014-04-31,-9999.99M
2014-05-01,-9999.99M
2014-05-02,-9999.99M
2014-05-03,-9999.99M
2014-05-04,-9999.99M
2014-05-05,-9999.99M
2014-05-06,-9999.99M
2014-05-07,-9999.99M
2014-05-08,-9999.99M
2014-05-09,-9999.99M
2014-05-10,-9999.99M
2014-05-11,-9999.99M
2014-05-12,-9999.99M
2014-05-13,-9999.99M
2014-05-14,-9999.99M
2014-05-15,-9999.99M
2014-05-16,-9999.99M
2014-05-17,-9999.99M
2014-05-18,-9999.99M
2014-05-19,-9999.99M
2014-05-20,-9999.99M
2014-05-21,-9999.99M
2014-05-22,-9999.99M
2014-05-23,-9999.99M
2014-05-24,-9999.99M
2014-05-25,-9999.99M
2014-05-26,-9999.99M
2014-05-27,-9999.99M
2014-05-28,-9999.99M
2014-05-29,-9999.99M
2014-05-30,-9999.99M
2014-05-31,-9999.99M
2014-06-01,-9999.99M
2014-06-02,-9999.99M
2014-06-03,-9999.99M
2014-06-04,-9999.99M
2014-06-05,-9999.99M
2014-06-06,-9999.99M
2014-06-07,-9999.99M
2014-06-08,-9999.99M
2014-06-09,-9999.99M
2014-06-10,-9999.99M
2014-06-11,-9999.99M
2014-06-12,-9999.99M
2014-06-13,-9999.99M
2014-06-14,-9999.99M
2014-06-15,-9999.99M
2014-06-16,-9999.99M
2014-06-17,-9999.99M
2014-06-18,-9999.99M
2014-06-19,-9999.99M
2014-06-20,-9999.99M
2014-06-21,-9999.99M
2014-06-22,-9999.99M
2014-06-23,-9999.99M
2014-06-24,-9999.99M
2014-06-25,-9999.99M
2014-06-26,-9999.99M
2014-06-27,-9999.99M
2014-06-28,-9999.99M
2014-06-29,-9999.99M
2014-06-30,-9999.99M
2014-06-31,-9999.99M
2014-07-01,-9999.99M
2014-07-02,-9999.99M
2014-07-03,-9999.99M
2014-07-04,-9999.99M
2014-07-05,-9999.99M
2014-07-06,-9999.99M
2014-07-07,-9999.99M
2014-07-08,-9999.99M
2014-07-09,-9999.99M
2014-07-10,-9999.99M
2014-07-11,-9999.99M
2014-07-12,-9999.99M
2014-07-13,-9999.99M
2014-07-14,-9999.99M
2014-07-15,-9999.99M
2014-07-16,-9999.99M
2014-07-17,-9999.99M
2014-07-18,-9999.99M
2014-07-19,-9999.99M
2014-07-20,-9999.99M
2014-07-21,-9999.99M
2014-07-22,-9999.99M
2014-07-23,-9999.99M
2014-07-24,-9999.99M
2014-07-25,-9999.99M
2014-07-26,-9999.99M
2014-07-27,-9999.99M
2014-07-28,-9999.99M
2014-07-29,-9999.99M
2014-07-30,-9999.99M
2014-07-31,-9999.99M
2014-08-01,-9999.99M
2014-08-02,-9999.99M
2014-08-03,-9999.99M
2014-08-04,-9999.99M
2014-08-05,-9999.99M
2014-08-06,-9999.99M
2014-08-07,-9999.99M
2014-08-08,-9999.99M
2014-08-09,-9999.99M
2014-08-10,-9999.99M
2014-08-11,-9999.99M
2014-08-12,-9999.99M
2014-08-13,-9999.99M
2014-08-14,-9999.99M
2014-08-15,-9999.99M
2014-08-16,-9999.99M
2014-08-17,-9999.99M
2014-08-18,-9999.99M
2014-08-19,-9999.99M
2014-08-20,-9999.99M
2014-08-21,-9999.99M
2014-08-22,-9999.99M
2014-08-23,-9999.99M
2014-08-24,-9999.99M
2014-08-25,-9999.99M
2014-08-26,-9999.99M
2014-08-27,-9999.99M
2014-08-28,-9999.99M
2014-08-29,-9999.99M
2014-08-30,-9999.99M
2014-08-31,-9999.99M
2014-09-01,-9999.99M
2014-09-02,-9999.99M
2014-09-03,-9999.99M
2014-09-04,-9999.99M
2014-09-05,-9999.99M
2014-09-06,-9999.99M
2014-09-07,-9999.99M
2014-09-08,-9999.99M
2014-09-09,-9999.99M
2014-09-10,-9999.99M
2014-09-11,-9999.99M
2014-09-12,-9999.99M
2014-09-13,-9999.99M
2014-09-14,-9999.99M
2014-09-15,-9999.99M
2014-09-16,-9999.99M
2014-09-17,-9999.99M
2014-09-18,-9999.99M
2014-09-19,-9999.99M
2014-09-20,-9999.99M
2014-09-21,-9999.99M
2014-09-22,-9999.99M
2014-09-23,-9999.99M
2014-09-24,-9999.99M
2014-09-25,-9999.99M
2014-09-26,-9999.99M
2014-09-27,-9999.99M
2014-09-28,-9999.99M
2014-09-29,-9999.99M
2014-09-30,-9999.99M
2014-09-31,-9999.99M
2014-10-01,-9999.99M
2014-10-02,-9999.99M
2014-10-03,-9999.99M
2014-10-04,-9999.99M
2014-10-05,-9999.99M
2014-10-06,-9999.99M
2014-10-07,-9999.99M
2014-10-08,-9999.99M
2014-10-09,-9999.99M
2014-10-10,-9999.99M
2014-10-11,-9999.99M
2014-10-12,-9999.99M
2014-10-13,-9999.99M
2014-10-14,-9999.99M
2014-10-15,-9999.99M
2014-10-16,-9999.99M
2014-10-17,-9999.99M
2014-10-18,-9999.99M
2014-10-19,-9999.99M
2014-10-20,-9999.99M
2014-10-21,-9999.99M
2014-10-22,-9999.99M
2014-10-23,-9999.99M
2014-10-24,-9999.99M
2014-10-25,-9999.99M
2014-10-26,-9999.99M
2014-10-27,-9999.99M
2014-10-28,-9999.99M
2014-10-29,-9999.99M
2014-10-30,-9999.99M
2014-10-31,-9999.99M
2014-11-01,-9999.99M
2014-11-02,-9999.99M
2014-11-03,-9999.99M
2014-11-04,-9999.99M
2014-11-05,-9999.99M
2014-11-06,-9999.99M
2014-11-07,-9999.99M
2014-11-08,-9999.99M
2014-11-09,-9999.99M
2014-11-10,-9999.99M
2014-11-11,-9999.99M
2014-11-12,-9999.99M
2014-11-13,-9999.99M
2014-11-14,-9999.99M
2014-11-15,-9999.99M
2014-11-16,-9999.99M
2014-11-17,-9999.99M
2014-11-18,-9999.99M
2014-11-19,-9999.99M
2014-11-20,-9999.99M
2014-11-21,-9999.99M
2014-11-22,-9999.99M
2014-11-23,-9999.99M
2014-11-24,-9999.99M
2014-11-25,-9999.99M
2014-11-26,-9999.99M
2014-11-27,-9999.99M
2014-11-28,-9999.99M
2014-11-29,-9999.99M
2014-11-30,-9999.99M
2014-11-31,-9999.99M
2014-12-01,-9999.99M
2014-12-02,-9999.99M
2014-12-03,-9999.99M
2014-12-04,-9999.99M
2014-12-05,-9999.99M
2014-12-06,-9999.99M
2014-12-07,-9999.99M
2014-12-08,-9999.99M
2014-12-09,-9999.99M
2014-12-10,-9999.99M
2014-12-11,-9999.99M
2014-12-12,-9999.99M
2014-12-13,-9999.99M
2014-12-14,-9999.99M
2014-12-15,-9999.99M
2014-12-16,-9999.99M
2014-12-17,-9999.99M
2014-12-18,-9999.99M
2014-12-19,-9999.99M
2014-12-20,-9999.99M
2014-12-21,-9999.99M
2014-12-22,-9999.99M
2014-12-23,-9999.99M
2014-12-24,-9999.99M
2014-12-25,-9999.99M
2014-12-26,-9999.99M
2014-12-27,-9999.99M
2014-12-28,-9999.99M
2014-12-29,-9999.99M
2014-12-30,-9999.99M
2014-12-31,-9999.99M
2015-01-01,-9999.99M
2015-01-02,-9999.99M
2015-01-03,-9999.99M
2015-01-04,-9999.99M
2015-01-05,-9999.99M
2015-01-06,-9999.99M
2015-01-07,-9999.99M
2015-01-08,-9999.99M
2015-01-09,-9999.99M
2015-01-10,-9999.99M
2015-01-11,-9999.99M
2015-01-12,-9999.99M
2015-01-13,-9999.99M
2015-01-14,-9999.99M
2015-01-15,-9999.99M
2015-01-16,-9999.99M
2015-01-17,-9999.99M
2015-01-18,-9999.99M
2015-01-19,-9999.99M
2015-01-20,-9999.99M
2015-01-21,-9999.99M
2015-01-22,-9999.99M
2015-01-23,-9999.99M
2015-01-24,-9999.99M
2015-01-25,-9999.99M
2015-01-26,-9999.99M
2015-01-27,-9999.99M
2015-01-28,-9999.99M
2015-01-29,-9999.99M
2015-01-30,-9999.99M
2015-01-31,-9999.99M
2015-02-01,-9999.99M
2015-02-02,-9999.99M
2015-02-03,-9999.99M
2015-02-04,-9999.99M
2015-02-05,-9999.99M
2015-02-06,-9999.99M
2015-02-07,-9999.99M
2015-02-08,-9999.99M
2015-02-09,-9999.99M
2015-02-10,-9999.99M
2015-02-11,-9999.99M
2015-02-12,-9999.99M
2015-02-13,-9999.99M
2015-02-14,-9999.99M
2015-02-15,-9999.99M
2015-02-16,-9999.99M
2015-02-17,-9999.99M
2015-02-18,-9999.99M
2015-02-19,-9999.99M
2015-02-20,-9999.99M
2015-02-21,-9999.99M
2015-02-22,-9999.99M
2015-02-23,-9999.99M
2015-02-24,-9999.99M
2015-02-25,-9999.99M
2015-02-26,-9999.99M
2015-02-27,-9999.99M
2015-02-28,-9999.99M
2015-02-29,-9999.99M
2015-02-30,-9999.99M
2015-02-31,-9999.99M
2015-03-01,-9999.99M
2015-03-02,-9999.99M
2015-03-03,-9999.99M
2015-03-04,-9999.99M
2015-03-05,-9999.99M
2015-03-06,-9999.99M
2015-03-07,-9999.99M
2015-03-08,-9999.99M
2015-03-09,-9999.99M
2015-03-10,-9999.99M
2015-03-11,-9999.99M
2015-03-12,-9999.99M
2015-03-13,-9999.99M
2015-03-14,-9999.99M
2015-03-15,-9999.99M
2015-03-16,-9999.99M
2015-03-17,-9999.99M
2015-03-18,-9999.99M
2015-03-19,-9999.99M
2015-03-20,-9999.99M
2015-03-21,-9999.99M
2015-03-22,-9999.99M
2015-03-23,-9999.99M
2015-03-24,-9999.99M
2015-03-25,-9999.99M
2015-03-26,-9999.99M
2015-03-27,-9999.99M
2015-03-28,-9999.99M
2015-03-29,-9999.99M
2015-03-30,-9999.99M
2015-03-31,-9999.99M
2015-04-01,-9999.99M
2015-04-02,-9999.99M
2015-04-03,-9999.99M
2015-04-04,-9999.99M
2015-04-05,-9999.99M
2015-04-06,-9999.99M
2015-04-07,-9999.99M
2015-04-08,-9999.99M
2015-04-09,-9999.99M
2015-04-10,-9999.99M
2015-04-11,-9999.99M
2015-04-12,-9999.99M
2015-04-13,-9999.99M
2015-04-14,-9999.99M
2015-04-15,-9999.99M
2015-04-16,-9999.99M
2015-04-17,-9999.99M
2015-04-18,-9999.99M
2015-04-19,-9999.99M
2015-04-20,-9999.99M
2015-04-21,-9999.99M
2015-04-22,-9999.99M
2015-04-23,-9999.99M
2015-04-24,-9999.99M
2015-04-25,-9999.99M
2015-04-26,-9999.99M
2015-04-27,-9999.99M
2015-04-28,-9999.99M
2015-04-29,-9999.99M
2015-04-30,-9999.99M
2015-04-31,-9999.99M
2015-05-01,-9999.99M
2015-05-02,-9999.99M
2015-05-03,-9999.99M
2015-05-04,-9999.99M
2015-05-05,-9999.99M
2015-05-06,-9999.99M
2015-05-07,-9999.99M
2015-05-08,-9999.99M
2015-05-09,-9999.99M
2015-05-10,-9999.99M
2015-05-11,-9999.99M
2015-05-12,-9999.99M
2015-05-13,-9999.99M
2015-05-14,-9999.99M
2015-05-15,-9999.99M
2015-05-16,-9999.99M
2015-05-17,-9999.99M
2015-05-18,-9999.99M
2015-05-19,-9999.99M
2015-05-20,-9999.99M
2015-05-21,-9999.99M
2015-05-22,-9999.99M
2015-05-23,-9999.99M
2015-05-24,-9999.99M
2015-05-25,-9999.99M
2015-05-26,-9999.99M
2015-05-27,-9999.99M
2015-05-28,-9999.99M
2015-05-29,-9999.99M
2015-05-30,-9999.99M
2015-05-31,-9999.99M
2015-06-01,-9999.99M
2015-06-02,-9999.99M
2015-06-03,-9999.99M
2015-06-04,-9999.99M
2015-06-05,-9999.99M
2015-06-06,-9999.99M
2015-06-07,-9999.99M
2015-06-08,-9999.99M
2015-06-09,-9999.99M
2015-06-10,-9999.99M
2015-06-11,-9999.99M
2015-06-12,-9999.99M
2015-06-13,-9999.99M
2015-06-14,-9999.99M
2015-06-15,-9999.99M
2015-06-16,-9999.99M
2015-06-17,-9999.99M
2015-06-18,-9999.99M
2015-06-19,-9999.99M
2015-06-20,-9999.99M
2015-06-21,-9999.99M
2015-06-22,-9999.99M
2015-06-23,-9999.99M
2015-06-24,-9999.99M
2015-06-25,-9999.99M
2015-06-26,-9999.99M
2015-06-27,-9999.99M
2015-06-28,-9999.99M
2015-06-29,-9999.99M
2015-06-30,-9999.99M
2015-06-31,-9999.99M
2015-07-01,-9999.99M
2015-07-02,-9999.99M
2015-07-03,-9999.99M
2015-07-04,-9999.99M
2015-07-05,-9999.99M
2015-07-06,-9999.99M
2015-07-07,-9999.99M
2015-07-08,-9999.99M
2015-07-09,-9999.99M
2015-07-10,-9999.99M
2015-07-11,-9999.99M
2015-07-12,-9999.99M
2015-07-13,-9999.99M
2015-07-14,-9999.99M
2015-07-15,-9999.99M
2015-07-16,-9999.99M
2015-07-17,-9999.99M
2015-07-18,-9999.99M
2015-07-19,-9999.99M
2015-07-20,-9999.99M
2015-07-21,-9999.99M
2015-07-22,-9999.99M
2015-07-23,-9999.99M
2015-07-24,-9999.99M
2015-07-25,-9999.99M
2015-07-26,-9999.99M
2015-07-27,-9999.99M
2015-07-28,-9999.99M
2015-07-29,-9999.99M
2015-07-30,-9999.99M
2015-07-31,-9999.99M
2015-08-01,-9999.99M
2015-08-02,-9999.99M
2015-08-03,-9999.99M
2015-08-04,-9999.99M
2015-08-05,-9999.99M
2015-08-06,-9999.99M
2015-08-07,-9999.99M
2015-08-08,-9999.99M
2015-08-09,-9999.99M
2015-08-10,-9999.99M
2015-08-11,-9999.99M
2015-08-12,-9999.99M
2015-08-13,-9999.99M
2015-08-14,-9999.99M
2015-08-15,-9999.99M
2015-08-16,-9999.99M
2015-08-17,-9999.99M
2015-08-18,-9999.99M
2015-08-19,-9999.99M
2015-08-20,-9999.99M
2015-08-21,-9999.99M
2015-08-22,-9999.99M
2015-08-23,-9999.99M
2015-08-24,-9999.99M
2015-08-25,-9999.99M
2015-08-26,-9999.99M
2015-08-27,-9999.99M
2015-08-28,-9999.99M
2015-08-29,-9999.99M
2015-08-30,-9999.99M
2015-08-31,-9999.99M
2015-09-01,-9999.99M
2015-09-02,-9999.99M
2015-09-03,-9999.99M
2015-09-04,-9999.99M
2015-09-05,-9999.99M
2015-09-06,-9999.99M
2015-09-07,-9999.99M
2015-09-08,-9999.99M
2015-09-09,-9999.99M
2015-09-10,-9999.99M
2015-09-11,-9999.99M
2015-09-12,-9999.99M
2015-09-13,-9999.99M
2015-09-14,-9999.99M
2015-09-15,-9999.99M
2015-09-16,-9999.99M
2015-09-17,-9999.99M
2015-09-18,-9999.99M
2015-09-19,-9999.99M
2015-09-20,-9999.99M
2015-09-21,-9999.99M
2015-09-22,-9999.99M
2015-09-23,-9999.99M
2015-09-24,-9999.99M
2015-09-25,-9999.99M
2015-09-26,-9999.99M
2015-09-27,-9999.99M
2015-09-28,-9999.99M
2015-09-29,-9999.99M
2015-09-30,-9999.99M
2015-09-31,-9999.99M
2015-10-01,-9999.99M
2015-10-02,-9999.99M
2015-10-03,-9999.99M
2015-10-04,-9999.99M
2015-10-05,-9999.99M
2015-10-06,-9999.99M
2015-10-07,-9999.99M
2015-10-08,-9999.99M
2015-10-09,-9999.99M
2015-10-10,-9999.99M
2015-10-11,-9999.99M
2015-10-12,-9999.99M
2015-10-13,-9999.99M
2015-10-14,-9999.99M
2015-10-15,-9999.99M
2015-10-16,-9999.99M
2015-10-17,-9999.99M
2015-10-18,-9999.99M
2015-10-19,-9999.99M
2015-10-20,-9999.99M
2015-10-21,-9999.99M
2015-10-22,-9999.99M
2015-10-23,-9999.99M
2015-10-24,-9999.99M
2015-10-25,-9999.99M
2015-10-26,-9999.99M
2015-10-27,-9999.99M
2015-10-28,-9999.99M
2015-10-29,-9999.99M
2015-10-30,-9999.99M
2015-10-31,-9999.99M
2015-11-01,-9999.99M
2015-11-02,-9999.99M
2015-11-03,-9999.99M
2015-11-04,-9999.99M
2015-11-05,-9999.99M
2015-11-06,-9999.99M
2015-11-07,-9999.99M
2015-11-08,-9999.99M
2015-11-09,-9999.99M
2015-11-10,-9999.99M
2015-11-11,-9999.99M
2015-11-12,-9999.99M
2015-11-13,-9999.99M
2015-11-14,-9999.99M
2015-11-15,-9999.99M
2015-11-16,-9999.99M
2015-11-17,-9999.99M
2015-11-18,-9999.99M
2015-11-19,-9999.99M
2015-11-20,-9999.99M
2015-11-21,-9999.99M
2015-11-22,-9999.99M
2015-11-23,-9999.99M
2015-11-24,-9999.99M
2015-11-25,-9999.99M
2015-11-26,-9999.99M
2015-11-27,-9999.99M
2015-11-28,-9999.99M
2015-11-29,-9999.99M
2015-11-30,-9999.99M
2015-11-31,-9999.99M
2015-12-01,-9999.99M
2015-12-02,-9999.99M
2015-12-03,-9999.99M
2015-12-04,-9999.99M
2015-12-05,-9999.99M
2015-12-06,-9999.99M
2015-12-07,-9999.99M
2015-12-08,-9999.99M
2015-12-09,-9999.99M
2015-12-10,-9999.99M
2015-12-11,-9999.99M
2015-12-12,-9999.99M
2015-12-13,-9999.99M
2015-12-14,-9999.99M
2015-12-15,-9999.99M
2015-12-16,-9999.99M
2015-12-17,-9999.99M
2015-12-18,-9999.99M
2015-12-19,-9999.99M
2015-12-20,-9999.99M
2015-12-21,-9999.99M
2015-12-22,-9999.99M
2015-12-23,-9999.99M
2015-12-24,-9999.99M
2015-12-25,-9999.99M
2015-12-26,-9999.99M
2015-12-27,-9999.99M
2015-12-28,-9999.99M
2015-12-29,-9999.99M
2015-12-30,-9999.99M
2015-12-31,-9999.99M
2016-01-01,-9999.99M
2016-01-02,-9999.99M
2016-01-03,-9999.99M
2016-01-04,-9999.99M
2016-01-05,-9999.99M
2016-01-06,-9999.99M
2016-01-07,-9999.99M
2016-01-08,-9999.99M
2016-01-09,-9999.99M
2016-01-10,-9999.99M
2016-01-11,-9999.99M
2016-01-12,-9999.99M
2016-01-13,-9999.99M
2016-01-14,-9999.99M
2016-01-15,-9999.99M
2016-01-16,-9999.99M
2016-01-17,-9999.99M
2016-01-18,-9999.99M
2016-01-19,-9999.99M
2016-01-20,-9999.99M
2016-01-21,-9999.99M
2016-01-22,-9999.99M
2016-01-23,-9999.99M
2016-01-24,-9999.99M
2016-01-25,-9999.99M
2016-01-26,-9999.99M
2016-01-27,-9999.99M
2016-01-28,-9999.99M
2016-01-29,-9999.99M
2016-01-30,-9999.99M
2016-01-31,-9999.99M
2016-02-01,-9999.99M
2016-02-02,-9999.99M
2016-02-03,-9999.99M
2016-02-04,-9999.99M
2016-02-05,-9999.99M
2016-02-06,-9999.99M
2016-02-07,-9999.99M
2016-02-08,-9999.99M
2016-02-09,-9999.99M
2016-02-10,-9999.99M
2016-02-11,-9999.99M
2016-02-12,-9999.99M
2016-02-13,-9999.99M
2016-02-14,-9999.99M
2016-02-15,-9999.99M
2016-02-16,-9999.99M
2016-02-17,-9999.99M
2016-02-18,-9999.99M
2016-02-19,-9999.99M
2016-02-20,-9999.99M
2016-02-21,-9999.99M
2016-02-22,-9999.99M
2016-02-23,-9999.99M
2016-02-24,-9999.99M
2016-02-25,-9999.99M
2016-02-26,-9999.99M
2016-02-27,-9999.99M
2016-02-28,-9999.99M
2016-02-29,-9999.99M
2016-02-30,-9999.99M
2016-02-31,-9999.99M
2016-03-01,-9999.99M
2016-03-02,-9999.99M
2016-03-03,-9999.99M
2016-03-04,-9999.99M
2016-03-05,-9999.99M
2016-03-06,-9999.99M
2016-03-07,-9999.99M
2016-03-08,-9999.99M
2016-03-09,-9999.99M
2016-03-10,-9999.99M
2016-03-11,-9999.99M
2016-03-12,-9999.99M
2016-03-13,-9999.99M
2016-03-14,-9999.99M
2016-03-15,-9999.99M
2016-03-16,-9999.99M
2016-03-17,-9999.99M
2016-03-18,-9999.99M
2016-03-19,-9999.99M
2016-03-20,-9999.99M
2016-03-21,-9999.99M
2016-03-22,-9999.99M
2016-03-23,-9999.99M
2016-03-24,-9999.99M
2016-03-25,-9999.99M
2016-03-26,-9999.99M
2016-03-27,-9999.99M
2016-03-28,-9999.99M
2016-03-29,-9999.99M
2016-03-30,-9999.99M
2016-03-31,-9999.99M
2016-04-01,-9999.99M
2016-04-02,-9999.99M
2016-04-03,-9999.99M
2016-04-04,-9999.99M
2016-04-05,-9999.99M
2016-04-06,-9999.99M
2016-04-07,-9999.99M
2016-04-08,-9999.99M
2016-04-09,-9999.99M
2016-04-10,-9999.99M
2016-04-11,-9999.99M
2016-04-12,-9999.99M
2016-04-13,-9999.99M
2016-04-14,-9999.99M
2016-04-15,-9999.99M
2016-04-16,-9999.99M
2016-04-17,-9999.99M
2016-04-18,-9999.99M
2016-04-19,-9999.99M
2016-04-20,-9999.99M
2016-04-21,-9999.99M
2016-04-22,-9999.99M
2016-04-23,-9999.99M
2016-04-24,-9999.99M
2016-04-25,-9999.99M
2016-04-26,-9999.99M
2016-04-27,-9999.99M
2016-04-28,-9999.99M
2016-04-29,-9999.99M
2016-04-30,-9999.99M
2016-04-31,-9999.99M
2016-05-01,-9999.99M
2016-05-02,-9999.99M
2016-05-03,-9999.99M
2016-05-04,-9999.99M
2016-05-05,-9999.99M
2016-05-06,-9999.99M
2016-05-07,-9999.99M
2016-05-08,-9999.99M
2016-05-09,-9999.99M
2016-05-10,-9999.99M
2016-05-11,-9999.99M
2016-05-12,-9999.99M
2016-05-13,-9999.99M
2016-05-14,-9999.99M
2016-05-15,-9999.99M
2016-05-16,-9999.99M
2016-05-17,-9999.99M
2016-05-18,-9999.99M
2016-05-19,-9999.99M
2016-05-20,-9999.99M
2016-05-21,-9999.99M
2016-05-22,-9999.99M
2016-05-23,-9999.99M
2016-05-24,-9999.99M
2016-05-25,-9999.99M
2016-05-26,-9999.99M
2016-05-27,-9999.99M
2016-05-28,-9999.99M
2016-05-29,-9999.99M
2016-05-30,-9999.99M
2016-05-31,-9999.99M
2016-06-01,-9999.99M
2016-06-02,-9999.99M
2016-06-03,-9999.99M
2016-06-04,-9999.99M
2016-06-05,-9999.99M
2016-06-06,-9999.99M
2016-06-07,-9999.99M
2016-06-08,-9999.99M
2016-06-09,-9999.99M
2016-06-10,-9999.99M
2016-06-11,-9999.99M
2016-06-12,-9999.99M
2016-06-13,-9999.99M
2016-06-14,-9999.99M
2016-06-15,-9999.99M
2016-06-16,-9999.99M
2016-06-17,-9999.99M
2016-06-18,-9999.99M
2016-06-19,-9999.99M
2016-06-20,-9999.99M
2016-06-21,-9999.99M
2016-06-22,-9999.99M
2016-06-23,-9999.99M
2016-06-24,-9999.99M
2016-06-25,-9999.99M
2016-06-26,-9999.99M
2016-06-27,-9999.99M
2016-06-28,-9999.99M
2016-06-29,-9999.99M
2016-06-30,-9999.99M
2016-06-31,-9999.99M
2016-07-01,-9999.99M
2016-07-02,-9999.99M
2016-07-03,-9999.99M
2016-07-04,-9999.99M
2016-07-05,-9999.99M
2016-07-06,-9999.99M
2016-07-07,-9999.99M
2016-07-08,-9999.99M
2016-07-09,-9999.99M
2016-07-10,-9999.99M
2016-07-11,-9999.99M
2016-07-12,-9999.99M
2016-07-13,-9999.99M
2016-07-14,-9999.99M
2016-07-15,-9999.99M
2016-07-16,-9999.99M
2016-07-17,-9999.99M
2016-07-18,-9999.99M
2016-07-19,-9999.99M
2016-07-20,-9999.99M
2016-07-21,-9999.99M
2016-07-22,-9999.99M
2016-07-23,-9999.99M
2016-07-24,-9999.99M
2016-07-25,-9999.99M
2016-07-26,-9999.99M
2016-07-27,-9999.99M
2016-07-28,-9999.99M
2016-07-29,-9999.99M
2016-07-30,-9999.99M
2016-07-31,-9999.99M
2016-08-01,-9999.99M
2016-08-02,-9999.99M
2016-08-03,-9999.99M
2016-08-04,-9999.99M
2016-08-05,-9999.99M
2016-08-06,-9999.99M
2016-08-07,-9999.99M
2016-08-08,-9999.99M
2016-08-09,-9999.99M
2016-08-10,-9999.99M
2016-08-11,-9999.99M
2016-08-12,-9999.99M
2016-08-13,-9999.99M
2016-08-14,-9999.99M
2016-08-15,-9999.99M
2016-08-16,-9999.99M
2016-08-17,-9999.99M
2016-08-18,-9999.99M
2016-08-19,-9999.99M
2016-08-20,-9999.99M
2016-08-21,-9999.99M
2016-08-22,-9999.99M
2016-08-23,-9999.99M
2016-08-24,-9999.99M
2016-08-25,-9999.99M
2016-08-26,-9999.99M
2016-08-27,-9999.99M
2016-08-28,-9999.99M
2016-08-29,-9999.99M
2016-08-30,-9999.99M
2016-08-31,-9999.99M
2016-09-01,-9999.99M
2016-09-02,-9999.99M
2016-09-03,-9999.99M
2016-09-04,-9999.99M
2016-09-05,-9999.99M
2016-09-06,-9999.99M
2016-09-07,-9999.99M
2016-09-08,-9999.99M
2016-09-09,-9999.99M
2016-09-10,-9999.99M
2016-09-11,-9999.99M
2016-09-12,-9999.99M
2016-09-13,-9999.99M
2016-09-14,-9999.99M
2016-09-15,-9999.99M
2016-09-16,-9999.99M
2016-09-17,-9999.99M
2016-09-18,-9999.99M
2016-09-19,-9999.99M
2016-09-20,-9999.99M
2016-09-21,-9999.99M
2016-09-22,-9999.99M
2016-09-23,-9999.99M
2016-09-24,-9999.99M
2016-09-25,-9999.99M
2016-09-26,-9999.99M
2016-09-27,-9999.99M
2016-09-28,-9999.99M
2016-09-29,-9999.99M
2016-09-30,-9999.99M
2016-09-31,-9999.99M
2016-10-01,-9999.99M
2016-10-02,-9999.99M
2016-10-03,-9999.99M
2016-10-04,-9999.99M
2016-10-05,-9999.99M
2016-10-06,-9999.99M
2016-10-07,-9999.99M
2016-10-08,-9999.99M
2016-10-09,-9999.99M
2016-10-10,-9999.99M
2016-10-11,-9999.99M
2016-10-12,-9999.99M
2016-10-13,-9999.99M
2016-10-14,-9999.99M
2016-10-15,-9999.99M
2016-10-16,-9999.99M
2016-10-17,-9999.99M
2016-10-18,-9999.99M
2016-10-19,-9999.99M
2016-10-20,-9999.99M
2016-10-21,-9999.99M
2016-10-22,-9999.99M
2016-10-23,-9999.99M
2016-10-24,-9999.99M
2016-10-25,-9999.99M
2016-10-26,-9999.99M
2016-10-27,-9999.99M
2016-10-28,-9999.99M
2016-10-29,-9999.99M
2016-10-30,-9999.99M
2016-10-31,-9999.99M
2016-11-01,-9999.99M
2016-11-02,-9999.99M
2016-11-03,-9999.99M
2016-11-04,-9999.99M
2016-11-05,-9999.99M
2016-11-06,-9999.99M
2016-11-07,-9999.99M
2016-11-08,-9999.99M
2016-11-09,-9999.99M
2016-11-10,-9999.99M
2016-11-11,-9999.99M
2016-11-12,-9999.99M
2016-11-13,-9999.99M
2016-11-14,-9999.99M
2016-11-15,-9999.99M
2016-11-16,-9999.99M
2016-11-17,-9999.99M
2016-11-18,-9999.99M
2016-11-19,-9999.99M
2016-11-20,-9999.99M
2016-11-21,-9999.99M
2016-11-22,-9999.99M
2016-11-23,-9999.99M
2016-11-24,-9999.99M
2016-11-25,-9999.99M
2016-11-26,-9999.99M
2016-11-27,-9999.99M
2016-11-28,-9999.99M
2016-11-29,-9999.99M
2016-11-30,-9999.99M
2016-11-31,-9999.99M
2016-12-01,-9999.99M
2016-12-02,-9999.99M
2016-12-03,-9999.99M
2016-12-04,-9999.99M
2016-12-05,-9999.99M
2016-12-06,-9999.99M
2016-12-07,-9999.99M
2016-12-08,-9999.99M
2016-12-09,-9999.99M
2016-12-10,-9999.99M
2016-12-11,-9999.99M
2016-12-12,-9999.99M
2016-12-13,-9999.99M
2016-12-14,-9999.99M
2016-12-15,-9999.99M
2016-12-16,-9999.99M
2016-12-17,-9999.99M
2016-12-18,-9999.99M
2016-12-19,-9999.99M
2016-12-20,-9999.99M
2016-12-21,-9999.99M
2016-12-22,-9999.99M
2016-12-23,-9999.99M
2016-12-24,-9999.99M
2016-12-25,-9999.99M
2016-12-26,-9999.99M
2016-12-27,-9999.99M
2016-12-28,-9999.99M
2016-12-29,-9999.99M
2016-12-30,-9999.99M
2016-12-31,-9999.99M
2017-01-01,-9999.99M
2017-01-02,-9999.99M
2017-01-03,-9999.99M
2017-01-04,-9999.99M
2017-01-05,-9999.99M
2017-01-06,-9999.99M
2017-01-07,-9999.99M
2017-01-08,-9999.99M
2017-01-09,-9999.99M
2017-01-10,-9999.99M
2017-01-11,-9999.99M
2017-01-12,-9999.99M
2017-01-13,-9999.99M
2017-01-14,-9999.99M
2017-01-15,-9999.99M
2017-01-16,-9999.99M
2017-01-17,-9999.99M
2017-01-18,-9999.99M
2017-01-19,-9999.99M
2017-01-20,-9999.99M
2017-01-21,-9999.99M
2017-01-22,-9999.99M
2017-01-23,-9999.99M
2017-01-24,-9999.99M
2017-01-25,-9999.99M
2017-01-26,-9999.99M
2017-01-27,-9999.99M
2017-01-28,-9999.99M
2017-01-29,-9999.99M
2017-01-30,-9999.99M
2017-01-31,-9999.99M
2017-02-01,-9999.99M
2017-02-02,-9999.99M
2017-02-03,-9999.99M
2017-02-04,-9999.99M
2017-02-05,-9999.99M
2017-02-06,-9999.99M
2017-02-07,-9999.99M
2017-02-08,-9999.99M
2017-02-09,-9999.99M
2017-02-10,-9999.99M
2017-02-11,-9999.99M
2017-02-12,-9999.99M
2017-02-13,-9999.99M
2017-02-14,-9999.99M
2017-02-15,-9999.99M
2017-02-16,-9999.99M
2017-02-17,-9999.99M
2017-02-18,-9999.99M
2017-02-19,-9999.99M
2017-02-20,-9999.99M
2017-02-21,-9999.99M
2017-02-22,-9999.99M
2017-02-23,-9999.99M
2017-02-24,-9999.99M
2017-02-25,-9999.99M
2017-02-26,-9999.99M
2017-02-27,-9999.99M
2017-02-28,-9999.99M
2017-02-29,-9999.99M
2017-02-30,-9999.99M
2017-02-31,-9999.99M
2017-03-01,-9999.99M
2017-03-02,-9999.99M
2017-03-03,-9999.99M
2017-03-04,-9999.99M
2017-03-05,-9999.99M
2017-03-06,-9999.99M
2017-03-07,-9999.99M
2017-03-08,-9999.99M
2017-03-09,-9999.99M
2017-03-10,-9999.99M
2017-03-11,-9999.99M
2017-03-12,-9999.99M
2017-03-13,-9999.99M
2017-03-14,-9999.99M
2017-03-15,-9999.99M
2017-03-16,-9999.99M
2017-03-17,-9999.99M
2017-03-18,-9999.99M
2017-03-19,-9999.99M
2017-03-20,-9999.99M
2017-03-21,-9999.99M
2017-03-22,-9999.99M
2017-03-23,-9999.99M
2017-03-24,-9999.99M
2017-03-25,-9999.99M
2017-03-26,-9999.99M
2017-03-27,-9999.99M
2017-03-28,-9999.99M
2017-03-29,-9999.99M
2017-03-30,-9999.99M
2017-03-31,-9999.99M
2017-04-01,-9999.99M
2017-04-02,-9999.99M
2017-04-03,-9999.99M
2017-04-04,-9999.99M
2017-04-05,-9999.99M
2017-04-06,-9999.99M
2017-04-07,-9999.99M
2017-04-08,-9999.99M
2017-04-09,-9999.99M
2017-04-10,-9999.99M
2017-04-11,-9999.99M
2017-04-12,-9999.99M
2017-04-13,-9999.99M
2017-04-14,-9999.99M
2017-04-15,-9999.99M
2017-04-16,-9999.99M
2017-04-17,-9999.99M
2017-04-18,-9999.99M
2017-04-19,-9999.99M
2017-04-20,-9999.99M
2017-04-21,-9999.99M
2017-04-22,-9999.99M
2017-04-23,-9999.99M
2017-04-24,-9999.99M
2017-04-25,-9999.99M
2017-04-26,-9999.99M
2017-04-27,-9999.99M
2017-04-28,-9999.99M
2017-04-29,-9999.99M
2017-04-30,-9999.99M
2017-04-31,-9999.99M
2017-05-01,-9999.99M
2017-05-02,-9999.99M
2017-05-03,-9999.99M
2017-05-04,-9999.99M
2017-05-05,-9999.99M
2017-05-06,-9999.99M
2017-05-07,-9999.99M
2017-05-08,-9999.99M
2017-05-09,-9999.99M
2017-05-10,-9999.99M
2017-05-11,-9999.99M
2017-05-12,-9999.99M
2017-05-13,-9999.99M
2017-05-14,-9999.99M
2017-05-15,-9999.99M
2017-05-16,-9999.99M
2017-05-17,-9999.99M
2017-05-18,-9999.99M
2017-05-19,-9999.99M
2017-05-20,-9999.99M
2017-05-21,-9999.99M
2017-05-22,-9999.99M
2017-05-23,-9999.99M
2017-05-24,-9999.99M
2017-05-25,-9999.99M
2017-05-26,-9999.99M
2017-05-27,-9999.99M
2017-05-28,-9999.99M
2017-05-29,-9999.99M
2017-05-30,-9999.99M
2017-05-31,-9999.99M
2017-06-01,-9999.99M
2017-06-02,-9999.99M
2017-06-03,-9999.99M
2017-06-04,-9999.99M
2017-06-05,-9999.99M
2017-06-06,-9999.99M
2017-06-07,-9999.99M
2017-06-08,-9999.99M
2017-06-09,-9999.99M
2017-06-10,-9999.99M
2017-06-11,-9999.99M
2017-06-12,-9999.99M
2017-06-13,-9999.99M
2017-06-14,-9999.99M
2017-06-15,-9999.99M
2017-06-16,-9999.99M
2017-06-17,-9999.99M
2017-06-18,-9999.99M
2017-06-19,-9999.99M
2017-06-20,-9999.99M
2017-06-21,-9999.99M
2017-06-22,-9999.99M
2017-06-23,-9999.99M
2017-06-24,-9999.99M
2017-06-25,-9999.99M
2017-06-26,-9999.99M
2017-06-27,-9999.99M
2017-06-28,-9999.99M
2017-06-29,-9999.99M
2017-06-30,-9999.99M
2017-06-31,-9999.99M
2017-07-01,-9999.99M
2017-07-02,-9999.99M
2017-07-03,-9999.99M
2017-07-04,-9999.99M
2017-07-05,-9999.99M
2017-07-06,-9999.99M
2017-07-07,-9999.99M
2017-07-08,-9999.99M
2017-07-09,-9999.99M
2017-07-10,-9999.99M
2017-07-11,-9999.99M
2017-07-12,-9999.99M
2017-07-13,-9999.99M
2017-07-14,-9999.99M
2017-07-15,-9999.99M
2017-07-16,-9999.99M
2017-07-17,-9999.99M
2017-07-18,-9999.99M
2017-07-19,-9999.99M
2017-07-20,-9999.99M
2017-07-21,-9999.99M
2017-07-22,-9999.99M
2017-07-23,-9999.99M
2017-07-24,-9999.99M
2017-07-25,-9999.99M
2017-07-26,-9999.99M
2017-07-27,-9999.99M
2017-07-28,-9999.99M
2017-07-29,-9999.99M
2017-07-30,-9999.99M
2017-07-31,-9999.99M
2017-08-01,-9999.99M
2017-08-02,-9999.99M
2017-08-03,-9999.99M
2017-08-04,-9999.99M
2017-08-05,-9999.99M
2017-08-06,-9999.99M
2017-08-07,-9999.99M
2017-08-08,-9999.99M
2017-08-09,-9999.99M
2017-08-10,-9999.99M
2017-08-11,-9999.99M
2017-08-12,-9999.99M
2017-08-13,-9999.99M
2017-08-14,-9999.99M
2017-08-15,-9999.99M
2017-08-16,-9999.99M
2017-08-17,-9999.99M
2017-08-18,-9999.99M
2017-08-19,-9999.99M
2017-08-20,-9999.99M
2017-08-21,-9999.99M
2017-08-22,-9999.99M
2017-08-23,-9999.99M
2017-08-24,-9999.99M
2017-08-25,-9999.99M
2017-08-26,-9999.99M
2017-08-27,-9999.99M
2017-08-28,-9999.99M
2017-08-29,-9999.99M
2017-08-30,-9999.99M
2017-08-31,-9999.99M
2017-09-01,-9999.99M
2017-09-02,-9999.99M
2017-09-03,-9999.99M
2017-09-04,-9999.99M
2017-09-05,-9999.99M
2017-09-06,-9999.99M
2017-09-07,-9999.99M
2017-09-08,-9999.99M
2017-09-09,-9999.99M
2017-09-10,-9999.99M
2017-09-11,-9999.99M
2017-09-12,-9999.99M
2017-09-13,-9999.99M
2017-09-14,-9999.99M
2017-09-15,-9999.99M
2017-09-16,-9999.99M
2017-09-17,-9999.99M
2017-09-18,-9999.99M
2017-09-19,-9999.99M
2017-09-20,-9999.99M
2017-09-21,-9999.99M
2017-09-22,-9999.99M
2017-09-23,-9999.99M
2017-09-24,-9999.99M
2017-09-25,-9999.99M
2017-09-26,-9999.99M
2017-09-27,-9999.99M
2017-09-28,-9999.99M
2017-09-29,-9999.99M
2017-09-30,-9999.99M
2017-09-31,-9999.99M
2017-10-01,-9999.99M
2017-10-02,-9999.99M
2017-10-03,-9999.99M
2017-10-04,-9999.99M
2017-10-05,-9999.99M
2017-10-06,-9999.99M
2017-10-07,-9999.99M
2017-10-08,-9999.99M
2017-10-09,-9999.99M
2017-10-10,-9999.99M
2017-10-11,-9999.99M
2017-10-12,-9999.99M
2017-10-13,-9999.99M
2017-10-14,-9999.99M
2017-10-15,-9999.99M
2017-10-16,-9999.99M
2017-10-17,-9999.99M
2017-10-18,-9999.99M
2017-10-19,-9999.99M
2017-10-20,-9999.99M
2017-10-21,-9999.99M
2017-10-22,-9999.99M
2017-10-23,-9999.99M
2017-10-24,-9999.99M
2017-10-25,-9999.99M
2017-10-26,-9999.99M
2017-10-27,-9999.99M
2017-10-28,-9999.99M
2017-10-29,-9999.99M
2017-10-30,-9999.99M
2017-10-31,-9999.99M
2017-11-01,-9999.99M
2017-11-02,-9999.99M
2017-11-03,-9999.99M
2017-11-04,-9999.99M
2017-11-05,-9999.99M
2017-11-06,-9999.99M
2017-11-07,-9999.99M
2017-11-08,-9999.99M
2017-11-09,-9999.99M
2017-11-10,-9999.99M
2017-11-11,-9999.99M
2017-11-12,-9999.99M
2017-11-13,-9999.99M
2017-11-14,-9999.99M
2017-11-15,-9999.99M
2017-11-16,-9999.99M
2017-11-17,-9999.99M
2017-11-18,-9999.99M
2017-11-19,-9999.99M
2017-11-20,-9999.99M
2017-11-21,-9999.99M
2017-11-22,-9999.99M
2017-11-23,-9999.99M
2017-11-24,-9999.99M
2017-11-25,-9999.99M
2017-11-26,-9999.99M
2017-11-27,-9999.99M
2017-11-28,-9999.99M
2017-11-29,-9999.99M
2017-11-30,-9999.99M
2017-11-31,-9999.99M
